0 0.20416666666666666 0.48333333333333334 0.22777777777777777 0.5 0.23333333333333334 0.54375 0.20972222222222223 0.5916666666666667 0.16944444444444445 0.6041666666666666 0.1486111111111111 0.575 0.15138888888888888 0.5458333333333333 0.17916666666666667 0.49583333333333335
0 0.31527777777777777 0.20833333333333334 0.3416666666666667 0.21458333333333332 0.3625 0.24375 0.36944444444444446 0.28541666666666665 0.35694444444444445 0.3104166666666667 0.3416666666666667 0.31875 0.3194444444444444 0.3145833333333333 0.3 0.30416666666666664 0.28194444444444444 0.27708333333333335 0.2791666666666667 0.25416666666666665 0.2847222222222222 0.23541666666666666
0 0.7555555555555555 0.7916666666666666 0.7736111111111111 0.7916666666666666 0.7916666666666666 0.8041666666666667 0.8069444444444445 0.825 0.8166666666666667 0.8541666666666666 0.8152777777777778 0.9145833333333333 0.8027777777777778 0.9479166666666666 0.7875 0.9625 0.7708333333333334 0.9604166666666667 0.7541666666666667 0.9458333333333333 0.7180555555555556 0.86875 0.7166666666666667 0.8479166666666667 0.7263888888888889 0.81875
0 0.6180555555555556 0.5520833333333334 0.6347222222222222 0.5541666666666667 0.6569444444444444 0.5729166666666666 0.6694444444444444 0.6125 0.6611111111111111 0.65625 0.6333333333333333 0.6895833333333333 0.6111111111111112 0.6833333333333333 0.5916666666666667 0.6583333333333333 0.5833333333333334 0.63125 0.5833333333333334 0.5958333333333333 0.5888888888888889 0.5791666666666667 0.6041666666666666 0.5583333333333333
0 0.6694444444444444 0.6770833333333334 0.6902777777777778 0.6791666666666667 0.7097222222222223 0.69375 0.7180555555555556 0.70625 0.7194444444444444 0.7479166666666667 0.6930555555555555 0.7875 0.675 0.7791666666666667 0.6444444444444445 0.8 0.6291666666666667 0.7666666666666667 0.6291666666666667 0.73125 0.65 0.6895833333333333
0 0.5097222222222222 0.63125 0.5375 0.6395833333333333 0.5486111111111112 0.6541666666666667 0.55 0.6666666666666666 0.5375 0.69375 0.5361111111111111 0.7395833333333334 0.5291666666666667 0.7520833333333333 0.5083333333333333 0.7645833333333333 0.48055555555555557 0.7395833333333334 0.4736111111111111 0.6833333333333333 0.4930555555555556 0.6416666666666667
0 0.4324662008403261 0.6672178109486898 0.4009649480904759 0.666703656747922 0.3880297983764333 0.7213533603375974 0.4044927161943056 0.7671887003847196 0.4303632040262524 0.790106229185271 0.4585854430588218 0.770714403434838 0.47504836087669433 0.7178275866759741 0.46681690196775805 0.6719923172403569 0.43389097213008243 0.6614149962554872
0 0.4664168181242767 0.4056437368746157 0.4562335976562686 0.4586822339855948 0.4738724381754175 0.5221463717293285 0.4950391410003271 0.5362495369873266 0.5267891481367263 0.5080432064713304 0.5467799282603594 0.44986772922003176 0.5397243920526997 0.4163727382116008 0.5220854573316199 0.3864035914762981 0.48445583668883785 0.3916922519687329
0 0.2056143489884742 0.27369929243017127 0.164603637316502 0.2964960100473801 0.15519616150435836 0.34409409570230426 0.1763628643292679 0.382877817814675 0.21516859607718802 0.40226964356510764 0.24103889550527344 0.37582619987992333 0.24809443171293297 0.33351677471743424 0.23633520470016706 0.2947331232165684
0 0.15623163293909148 0.37786595909683796 0.15402023880308174 0.44105329506597357 0.1740110189267148 0.4851256070592745 0.19047412514844866 0.49394011182483755 0.21164073377142745 0.46220807825872307 0.2233999607841936 0.4163727382116009 0.22104811538164043 0.38816654891861474 0.19282587634907117 0.3811148603723584
0 0.23802175639588158 0.5329585516894305 0.2739648253429491 0.5203834848985168 0.299835218972965 0.5574042495685713 0.30689084938255534 0.5944250142386255 0.2904278373627522 0.6314457789086796 0.2704370572391192 0.6508377458821222 0.23986306700592747 0.640260213062738 0.22104811538164043 0.6191055004814934 0.19988141255673078 0.5873734669153788
0 0.3522192872600791 0.6209215146523935 0.3127705570908692 0.6191055004814933 0.2986592962716884 0.6737552040711686 0.30453890977807135 0.7090130819104111 0.3280574580055342 0.7548483513460283 0.3351130884151246 0.7795288375888962 0.3621594047464173 0.7795288375888964 0.3821501848700502 0.7513225070729004 0.39038164377898654 0.7019615345871646 0.3786223225642898 0.6508377458821222
0 0.4278365712106964 0.502865959096838 0.39743717998664607 0.53977531064895 0.3986131026879228 0.5873734669153786 0.42330757361666216 0.638497326231926 0.4515298126492313 0.656126406374557 0.48798360479266767 0.6384973262319259 0.49739098640288015 0.590899240577002 0.4856317593901143 0.5309608764948915 0.4632891338639281 0.5133319375752703 0.42801126442176857 0.4974658854864606
0 0.4062316329390915 0.3431437368746157 0.3621594047464172 0.35114578424856047 0.3515760062329971 0.40226964356510775 0.37391863175918344 0.4586822339855948 0.3927334891815397 0.48336272022846266 0.4127242693051727 0.45691934715478316 0.43741874023391225 0.4586822339855948 0.44917796724667824 0.3969809124611679 0.4456501991428483 0.3670117657258652
0 0.8120958304699556 0.31999558872646755 0.7760857028266737 0.3282281142249995 0.7725580289247748 0.38992936513792137 0.7890209467426473 0.4340016771312223 0.8101877437694875 0.4551563897124667 0.8407617340026792 0.4287130166387873 0.8560488233212057 0.37582619987992344 0.8395859055033331 0.3317538878866227
0 0.858392126766252 0.46119929243017127 0.83723406010078 0.4763111729052163 0.8360580431975726 0.5309608764948917 0.8548728064179985 0.5697445279957575 0.8901506758601578 0.590899240577002 0.9219006829965569 0.5662186837226293 0.9148451467888974 0.5045174328097073 0.8936785381659186 0.45515638971246664 0.8595766856269662 0.46220807825872307