0 0.6185185185185185 0.2875 0.6703703703703704 0.28958333333333336 0.737037037037037 0.30104166666666665 0.774074074074074 0.3145833333333333 0.8185185185185185 0.340625 0.8296296296296296 0.353125 0.837037037037037 0.371875 0.8333333333333334 0.40520833333333334 0.7981481481481482 0.46145833333333336 0.7518518518518519 0.484375 0.7129629629629629 0.48854166666666665 0.6537037037037037 0.4875 0.6 0.471875 0.5425925925925926 0.4354166666666667 0.5148148148148148 0.390625 0.48333333333333334 0.35520833333333335 0.47962962962962963 0.33958333333333335 0.5092592592592593 0.3104166666666667 0.5333333333333333 0.3
0 0.6962962962962963 0.721875 0.725925925925926 0.73125 0.8296296296296296 0.725 0.8685185185185185 0.7270833333333333 0.9166666666666666 0.7479166666666667 0.9351851851851852 0.765625 0.9462962962962963 0.7875 0.9462962962962963 0.8270833333333333 0.9351851851851852 0.8479166666666667 0.9185185185185185 0.8708333333333333 0.8851851851851852 0.8989583333333333 0.8518518518518519 0.9114583333333334 0.8444444444444444 0.9197916666666667 0.8 0.9354166666666667 0.7388888888888889 0.946875 0.6925925925925925 0.946875 0.6370370370370371 0.934375 0.6055555555555555 0.9177083333333333 0.5518518518518518 0.903125 0.5259259259259259 0.8864583333333333 0.5166666666666667 0.86875 0.5222222222222223 0.825 0.5555555555555556 0.7854166666666667 0.6037037037037037 0.75625
0 0.5648148148148148 0.5635416666666667 0.6222222222222222 0.565625 0.6703703703703704 0.578125 0.7129629629629629 0.6010416666666667 0.7407407407407407 0.640625 0.7296296296296296 0.7 0.6944444444444444 0.73125 0.5944444444444444 0.7614583333333333 0.5259259259259259 0.7604166666666666 0.4444444444444444 0.7520833333333333 0.43148148148148147 0.7447916666666666 0.4074074074074074 0.740625 0.3611111111111111 0.715625 0.32407407407407407 0.6729166666666667 0.32407407407407407 0.64375 0.37222222222222223 0.6135416666666667 0.39444444444444443 0.609375 0.4462962962962963 0.5864583333333333 0.4777777777777778 0.5770833333333333
0 0.8703703703703703 0.45729166666666665 0.9462962962962963 0.4583333333333333 1 0.471875 1 0.5822916666666667 0.9407407407407408 0.6 0.8407407407407408 0.6020833333333333 0.8185185185185185 0.5989583333333334 0.7666666666666667 0.575 0.7407407407407407 0.54375 0.7388888888888889 0.51875 0.7685185185185185 0.478125 0.8018518518518518 0.46145833333333336
0 0.9851851851851852 0.5802083333333333 1 0.58125 1 0.715625 0.9444444444444444 0.7541666666666667 0.924074074074074 0.7572916666666667 0.8555555555555555 0.7302083333333333 0.7648148148148148 0.73125 0.7166666666666667 0.7208333333333333 0.7351851851851852 0.6489583333333333 0.7333333333333333 0.6125 0.7981481481481482 0.59375 0.8537037037037037 0.6 0.9388888888888889 0.596875 0.9703703703703703 0.5895833333333333
0 0.09814814814814815 0.3770833333333333 0.13703703703703704 0.3770833333333333 0.22037037037037038 0.3875 0.29074074074074074 0.41354166666666664 0.32407407407407407 0.4322916666666667 0.337037037037037 0.44375 0.34629629629629627 0.46979166666666666 0.3425925925925926 0.496875 0.32407407407407407 0.5125 0.22037037037037038 0.5260416666666666 0.11481481481481481 0.5333333333333333 0.03518518518518519 0.5229166666666667 0.003703703703703704 0.509375 0 0.4 0.02962962962962963 0.38645833333333335
0 0 0.6291666666666667 0 0.8260416666666667 0.07777777777777778 0.8322916666666667 0.11481481481481481 0.8427083333333333 0.1259259259259259 0.8416666666666667 0.1388888888888889 0.834375 0.15555555555555556 0.8114583333333333 0.1537037037037037 0.7833333333333333 0.16666666666666666 0.7354166666666667 0.1574074074074074 0.6979166666666666 0.12962962962962962 0.665625 0.09074074074074075 0.640625 0.040740740740740744 0.63125
0 0.2759259259259259 0.7739583333333333 0.34629629629629627 0.7854166666666667 0.3685185185185185 0.8 0.37592592592592594 0.8 0.39814814814814814 0.8479166666666667 0.42407407407407405 0.8760416666666667 0.4444444444444444 0.9354166666666667 0.4222222222222222 0.9552083333333333 0.3814814814814815 0.9666666666666667 0.35185185185185186 0.9697916666666667 0.29444444444444445 0.9677083333333333 0.2388888888888889 0.9552083333333333 0.17407407407407408 0.9239583333333333 0.1388888888888889 0.8864583333333333 0.13333333333333333 0.8489583333333334 0.16111111111111112 0.815625 0.21851851851851853 0.7802083333333333
0 0.26481481481481484 0.5322916666666667 0.3148148148148148 0.5354166666666667 0.3611111111111111 0.5479166666666667 0.40185185185185185 0.58125 0.40925925925925927 0.6052083333333333 0.3592592592592593 0.6270833333333333 0.3314814814814815 0.6458333333333334 0.3314814814814815 0.6729166666666667 0.3537037037037037 0.7104166666666667 0.3425925925925926 0.7125 0.3333333333333333 0.725 0.3111111111111111 0.7354166666666667 0.24444444444444444 0.7395833333333334 0.1962962962962963 0.7270833333333333 0.17222222222222222 0.7135416666666666 0.13518518518518519 0.665625 0.12777777777777777 0.6135416666666667 0.14444444444444443 0.5770833333333333 0.17037037037037037 0.55625 0.21296296296296297 0.5375
0 0.34444444444444444 0.275 0.40370370370370373 0.278125 0.46296296296296297 0.3 0.4888888888888889 0.315625 0.48148148148148145 0.3541666666666667 0.5185185185185185 0.3927083333333333 0.5388888888888889 0.42916666666666664 0.5388888888888889 0.44166666666666665 0.45925925925925926 0.46979166666666666 0.4148148148148148 0.4666666666666667 0.37037037037037035 0.45625 0.2851851851851852 0.39791666666666664 0.2518518518518518 0.3614583333333333 0.2462962962962963 0.3375 0.2574074074074074 0.3145833333333333 0.32592592592592595 0.278125
0 0.1814814814814815 0.184375 0.2518518518518518 0.18854166666666666 0.2833333333333333 0.19479166666666667 0.32222222222222224 0.22708333333333333 0.337037037037037 0.259375 0.34629629629629627 0.265625 0.34629629629629627 0.2708333333333333 0.3148148148148148 0.28125 0.26851851851851855 0.309375 0.24074074074074073 0.3416666666666667 0.16296296296296298 0.3375 0.06481481481481481 0.31145833333333334 0.022222222222222223 0.2864583333333333 0.001851851851851852 0.26666666666666666 0 0.20833333333333334 0.011111111111111112 0.20104166666666667
0 0.9925925925925926 0.109375 1 0.109375 1 0.28020833333333334 0.9222222222222223 0.2833333333333333 0.8685185185185185 0.2604166666666667 0.8333333333333334 0.23125 0.8222222222222222 0.20729166666666668 0.825925925925926 0.18645833333333334 0.8444444444444444 0.16041666666666668 0.8814814814814815 0.13541666666666666 0.9092592592592592 0.12395833333333334
0 0.8277777777777777 0.06770833333333333 0.8981481481481481 0.06770833333333333 0.9388888888888889 0.07291666666666667 0.9833333333333333 0.08645833333333333 1 0.09583333333333334 1 0.10729166666666666 0.975925925925926 0.115625 0.9277777777777778 0.121875 0.8814814814814815 0.1375 0.8296296296296296 0.18020833333333333 0.8222222222222222 0.21666666666666667 0.8055555555555556 0.21979166666666666 0.7722222222222223 0.21145833333333333 0.7092592592592593 0.178125 0.6981481481481482 0.165625 0.7 0.1375 0.7185185185185186 0.11145833333333334 0.7592592592592593 0.08333333333333333 0.7944444444444444 0.07083333333333333
0 0.65 0.0010416666666666667 0.6777777777777778 0.0010416666666666667 0.7055555555555556 0.007291666666666667 0.7425925925925926 0.03333333333333333 0.7685185185185185 0.0625 0.7685185185185185 0.07708333333333334 0.7333333333333333 0.09895833333333333 0.6962962962962963 0.13125 0.6796296296296296 0.13854166666666667 0.674074074074074 0.14791666666666667 0.6611111111111111 0.15208333333333332 0.5796296296296296 0.14166666666666666 0.5333333333333333 0.12916666666666668 0.5407407407407407 0.06666666666666667 0.5537037037037037 0.0375 0.5962962962962963 0.011458333333333333
0 0.44074074074074077 0.016666666666666666 0.5074074074074074 0.020833333333333332 0.5407407407407407 0.0375 0.5407407407407407 0.09479166666666666 0.5277777777777778 0.121875 0.5037037037037037 0.14270833333333333 0.45740740740740743 0.15729166666666666 0.40185185185185185 0.15625 0.37222222222222223 0.14375 0.35185185185185186 0.12604166666666666 0.3277777777777778 0.09375 0.32592592592592595 0.07604166666666666 0.3425925925925926 0.05 0.36666666666666664 0.035416666666666666 0.40555555555555556 0.021875
0 0.5388888888888889 0.1375 0.5925925925925926 0.13958333333333334 0.6814814814814815 0.16145833333333334 0.7351851851851852 0.190625 0.7518518518518519 0.21666666666666667 0.7333333333333333 0.21666666666666667 0.6814814814814815 0.19479166666666667 0.6425925925925926 0.18958333333333333 0.5962962962962963 0.19166666666666668 0.5537037037037037 0.2 0.5370370370370371 0.209375 0.5018518518518519 0.2604166666666667 0.4685185185185185 0.25729166666666664 0.43148148148148147 0.221875 0.4388888888888889 0.17604166666666668 0.48148148148148145 0.14895833333333333
0 0.6111111111111112 0.184375 0.65 0.18541666666666667 0.7037037037037037 0.19375 0.7555555555555555 0.22291666666666668 0.7796296296296297 0.24583333333333332 0.7981481481481482 0.27708333333333335 0.8111111111111111 0.3145833333333333 0.8037037037037037 0.334375 0.7907407407407407 0.334375 0.7611111111111111 0.3229166666666667 0.7518518518518519 0.3145833333333333 0.7222222222222222 0.3104166666666667 0.7092592592592593 0.303125 0.6314814814814815 0.29375 0.5518518518518518 0.29791666666666666 0.4888888888888889 0.3177083333333333 0.4666666666666667 0.28854166666666664 0.4740740740740741 0.2833333333333333 0.49074074074074076 0.2833333333333333 0.4962962962962963 0.278125 0.4981481481481482 0.24791666666666667 0.524074074074074 0.209375 0.5425925925925926 0.19583333333333333
0 0.1537037037037037 0.05520833333333333 0.22777777777777777 0.05625 0.2796296296296296 0.07395833333333333 0.29814814814814816 0.08333333333333333 0.3148148148148148 0.1 0.3148148148148148 0.12708333333333333 0.2740740740740741 0.159375 0.2574074074074074 0.16666666666666666 0.17962962962962964 0.175 0.16666666666666666 0.18333333333333332 0.1425925925925926 0.18958333333333333 0.08703703703703704 0.190625 0.03148148148148148 0.14791666666666667 0.027777777777777776 0.11770833333333333 0.03333333333333333 0.1 0.044444444444444446 0.0875 0.07407407407407407 0.071875 0.12037037037037036 0.058333333333333334
0 0.22037037037037038 0 0.45925925925925926 0 0.4685185185185185 0.005208333333333333 0.49074074074074076 0.007291666666666667 0.5277777777777778 0.005208333333333333 0.5370370370370371 0.013541666666666667 0.5185185185185185 0.016666666666666666 0.45555555555555555 0.014583333333333334 0.39814814814814814 0.023958333333333335 0.34444444444444444 0.04895833333333333 0.31851851851851853 0.084375 0.3037037037037037 0.08541666666666667 0.24259259259259258 0.06666666666666667 0.22407407407407406 0.052083333333333336
0 0.5370370370370371 0.44166666666666665 0.5574074074074075 0.4427083333333333 0.5962962962962963 0.4635416666666667 0.6518518518518519 0.48020833333333335 0.7185185185185186 0.48333333333333334 0.7703703703703704 0.47604166666666664 0.7407407407407407 0.5125 0.737037037037037 0.546875 0.7185185185185186 0.5625 0.6814814814814815 0.58125 0.6074074074074074 0.5677083333333334 0.5592592592592592 0.5677083333333334 0.48518518518518516 0.5770833333333333 0.4537037037037037 0.5625 0.43703703703703706 0.5489583333333333 0.42777777777777776 0.5135416666666667 0.44814814814814813 0.47604166666666664 0.4962962962962963 0.4510416666666667
0 0.9703703703703703 0.284375 1 0.2864583333333333 1 0.425 0.9518518518518518 0.43333333333333335 0.8574074074074074 0.42916666666666664 0.825925925925926 0.4166666666666667 0.837037037037037 0.3697916666666667 0.8111111111111111 0.32916666666666666 0.85 0.30416666666666664 0.8722222222222222 0.29583333333333334 0.9074074074074074 0.28854166666666664
0 0.4111111111111111 0.734375 0.4962962962962963 0.7520833333333333 0.5962962962962963 0.7583333333333333 0.5444444444444444 0.7979166666666667 0.5185185185185185 0.8385416666666666 0.524074074074074 0.8802083333333334 0.5518518518518518 0.9020833333333333 0.5814814814814815 0.9114583333333334 0.5777777777777777 0.9145833333333333 0.5351851851851852 0.9125 0.4925925925925926 0.9041666666666667 0.43703703703703706 0.8854166666666666 0.4111111111111111 0.8677083333333333 0.3907407407407407 0.8375 0.3814814814814815 0.8020833333333334 0.3888888888888889 0.7645833333333333
0 0.13148148148148148 0.884375 0.1425925925925926 0.8864583333333333 0.16666666666666666 0.915625 0.2111111111111111 0.9427083333333334 0.2777777777777778 0.9635416666666666 0.3425925925925926 0.96875 0.3333333333333333 0.9822916666666667 0.3 1 0.07407407407407407 1 0.04814814814814815 0.9625 0.05 0.9354166666666667 0.08148148148148149 0.903125