0 0.46041666666666664 0.175 0.48020833333333335 0.1763888888888889 0.4979166666666667 0.19166666666666668 0.509375 0.21666666666666667 0.509375 0.24305555555555555 0.5052083333333334 0.2569444444444444 0.49375 0.26944444444444443 0.4395833333333333 0.2902777777777778 0.421875 0.2708333333333333 0.4166666666666667 0.25833333333333336 0.4166666666666667 0.225 0.43645833333333334 0.18888888888888888
0 0.4270833333333333 0.7388888888888889 0.44479166666666664 0.7416666666666667 0.46145833333333336 0.7541666666666667 0.48020833333333335 0.7944444444444444 0.478125 0.8666666666666667 0.46979166666666666 0.8833333333333333 0.45625 0.8930555555555556 0.4354166666666667 0.8902777777777777 0.415625 0.8791666666666667 0.4 0.8625 0.3875 0.8347222222222223 0.38645833333333335 0.7986111111111112 0.39895833333333336 0.7569444444444444 0.41354166666666664 0.7416666666666667
0 0.5041666666666667 0.7083333333333334 0.5197916666666667 0.7083333333333334 0.5375 0.7180555555555556 0.5479166666666667 0.7291666666666666 0.5604166666666667 0.7583333333333333 0.56875 0.8333333333333334 0.5520833333333334 0.8583333333333333 0.528125 0.8583333333333333 0.509375 0.85 0.49166666666666664 0.8333333333333334 0.48333333333333334 0.8180555555555555 0.46770833333333334 0.7527777777777778 0.48333333333333334 0.7263888888888889
0 0.5145833333333333 0.6375 0.5479166666666667 0.6486111111111111 0.5708333333333333 0.675 0.5791666666666667 0.6930555555555555 0.58125 0.7222222222222222 0.578125 0.7486111111111111 0.5729166666666666 0.7513888888888889 0.5697916666666667 0.7638888888888888 0.5677083333333334 0.7958333333333333 0.5552083333333333 0.7444444444444445 0.534375 0.7166666666666667 0.5229166666666667 0.7097222222222223 0.5052083333333334 0.7083333333333334 0.484375 0.7222222222222222 0.48333333333333334 0.6694444444444444 0.4864583333333333 0.6583333333333333 0.496875 0.6444444444444445
0 0.42083333333333334 0.6291666666666667 0.45416666666666666 0.6333333333333333 0.4708333333333333 0.6458333333333334 0.4791666666666667 0.6597222222222222 0.4822916666666667 0.7027777777777777 0.46979166666666666 0.7305555555555555 0.44895833333333335 0.7375 0.4322916666666667 0.7333333333333333 0.4010416666666667 0.7458333333333333 0.390625 0.7125 0.36041666666666666 0.6916666666666667 0.3625 0.6722222222222223 0.37083333333333335 0.6597222222222222
0 0.35625 0.6930555555555555 0.3729166666666667 0.6972222222222222 0.39166666666666666 0.7125 0.4 0.7347222222222223 0.4010416666666667 0.7541666666666667 0.3927083333333333 0.7722222222222223 0.3875 0.8013888888888889 0.37604166666666666 0.8222222222222222 0.3489583333333333 0.8444444444444444 0.328125 0.8513888888888889 0.3145833333333333 0.85 0.30833333333333335 0.8416666666666667 0.30520833333333336 0.8152777777777778 0.30520833333333336 0.7680555555555556 0.3104166666666667 0.7416666666666667 0.3302083333333333 0.7069444444444445
0 0.23229166666666667 0.7291666666666666 0.26666666666666666 0.7305555555555555 0.30104166666666665 0.7527777777777778 0.3072916666666667 0.8041666666666667 0.30520833333333336 0.8208333333333333 0.29791666666666666 0.8347222222222223 0.2677083333333333 0.8486111111111111 0.253125 0.8472222222222222 0.23541666666666666 0.8416666666666667 0.209375 0.8208333333333333 0.19583333333333333 0.7847222222222222 0.19583333333333333 0.7597222222222222 0.20520833333333333 0.7402777777777778
0 0.3 0.6416666666666667 0.32083333333333336 0.6416666666666667 0.33645833333333336 0.6513888888888889 0.3489583333333333 0.6777777777777778 0.35104166666666664 0.6944444444444444 0.3302083333333333 0.7083333333333334 0.30416666666666664 0.7555555555555555 0.2947916666666667 0.7569444444444444 0.2875 0.7430555555555556 0.2708333333333333 0.7319444444444444 0.23229166666666667 0.7305555555555555 0.23958333333333334 0.7013888888888888 0.2552083333333333 0.6777777777777778 0.27395833333333336 0.6569444444444444
0 0.328125 0.5861111111111111 0.35104166666666664 0.5861111111111111 0.36770833333333336 0.5944444444444444 0.37916666666666665 0.6097222222222223 0.384375 0.6319444444444444 0.39166666666666666 0.6402777777777777 0.38958333333333334 0.6472222222222223 0.36666666666666664 0.6666666666666666 0.3614583333333333 0.6930555555555555 0.3489583333333333 0.6930555555555555 0.34270833333333334 0.6680555555555555 0.328125 0.6458333333333334 0.30833333333333335 0.6416666666666667 0.2791666666666667 0.65 0.2791666666666667 0.6277777777777778 0.290625 0.6069444444444444
0 0.33229166666666665 0.5194444444444445 0.3572916666666667 0.5208333333333334 0.375 0.5388888888888889 0.37916666666666665 0.5625 0.3697916666666667 0.5930555555555556 0.3458333333333333 0.5847222222222223 0.3072916666666667 0.5930555555555556 0.2916666666666667 0.5875 0.28854166666666664 0.5611111111111111 0.29375 0.5486111111111112 0.309375 0.5291666666666667
0 0.39479166666666665 0.5444444444444444 0.41770833333333335 0.5444444444444444 0.4270833333333333 0.5513888888888889 0.4322916666666667 0.5458333333333333 0.43333333333333335 0.5583333333333333 0.44583333333333336 0.5861111111111111 0.4510416666666667 0.5888888888888889 0.4427083333333333 0.6125 0.44166666666666665 0.6291666666666667 0.42291666666666666 0.6291666666666667 0.3854166666666667 0.6458333333333334 0.3802083333333333 0.6166666666666667 0.3697916666666667 0.5930555555555556 0.37916666666666665 0.5597222222222222 0.378125 0.5486111111111112
0 0.4635416666666667 0.5041666666666667 0.48125 0.5055555555555555 0.4947916666666667 0.5138888888888888 0.5052083333333334 0.5319444444444444 0.50625 0.5597222222222222 0.4947916666666667 0.5791666666666667 0.46875 0.5777777777777777 0.4479166666666667 0.5888888888888889 0.43333333333333335 0.5625 0.4322916666666667 0.5388888888888889 0.44375 0.5152777777777777
0 0.471875 0.5763888888888888 0.503125 0.5819444444444445 0.5208333333333334 0.5986111111111111 0.521875 0.6291666666666667 0.5270833333333333 0.6375 0.4979166666666667 0.6444444444444445 0.4791666666666667 0.6652777777777777 0.46458333333333335 0.6416666666666667 0.4427083333333333 0.6305555555555555 0.4395833333333333 0.6180555555555556 0.4479166666666667 0.5944444444444444