0 0.4981481481481482 0.25729166666666664 0.6111111111111112 0.271875 0.6851851851851852 0.3020833333333333 0.7388888888888889 0.3385416666666667 0.8037037037037037 0.409375 0.837037037037037 0.43645833333333334 0.8481481481481481 0.459375 0.8407407407407408 0.49270833333333336 0.8111111111111111 0.5166666666666667 0.7592592592592593 0.5375 0.7111111111111111 0.5479166666666667 0.6648148148148149 0.5520833333333334 0.5703703703703704 0.5510416666666667 0.5055555555555555 0.5427083333333333 0.4 0.5135416666666667 0.34629629629629627 0.48541666666666666 0.3074074074074074 0.45625 0.29259259259259257 0.425 0.29074074074074074 0.39895833333333336 0.3388888888888889 0.3 0.37222222222222223 0.2791666666666667 0.40555555555555556 0.26875
0 0.8944444444444445 0.371875 1 0.37916666666666665 1 0.6083333333333333 0.8907407407407407 0.5979166666666667 0.8148148148148148 0.5729166666666666 0.7833333333333333 0.55 0.7611111111111111 0.546875 0.8222222222222222 0.509375 0.8444444444444444 0.48541666666666666 0.8407407407407408 0.4479166666666667 0.7981481481481482 0.40520833333333334 0.7925925925925926 0.38958333333333334 0.8425925925925926 0.375
0 0.4388888888888889 0.525 0.5462962962962963 0.546875 0.687037037037037 0.5520833333333334 0.7703703703703704 0.5760416666666667 0.8203703703703704 0.6020833333333333 0.8629629629629629 0.6427083333333333 0.8833333333333333 0.6989583333333333 0.8759259259259259 0.7416666666666667 0.8407407407407408 0.7708333333333334 0.7685185185185185 0.7989583333333333 0.725925925925926 0.8041666666666667 0.6351851851851852 0.8041666666666667 0.5388888888888889 0.784375 0.4444444444444444 0.74375 0.4 0.7125 0.37777777777777777 0.6854166666666667 0.36666666666666664 0.6666666666666666 0.35185185185185186 0.6083333333333333 0.35555555555555557 0.5802083333333333 0.3685185185185185 0.559375 0.40370370370370373 0.534375
0 0.22037037037037038 0.41354166666666664 0.24259259259259258 0.41458333333333336 0.29074074074074074 0.4270833333333333 0.3148148148148148 0.45625 0.37777777777777777 0.50625 0.3814814814814815 0.5447916666666667 0.3537037037037037 0.5989583333333334 0.31851851851851853 0.6135416666666667 0.28703703703703703 0.6385416666666667 0.2351851851851852 0.6645833333333333 0.14814814814814814 0.6947916666666667 0.1037037037037037 0.7270833333333333 0.06481481481481481 0.7364583333333333 0 0.7447916666666666 0 0.4635416666666667 0.06296296296296296 0.4375 0.16296296296296298 0.41770833333333335
0 0.06111111111111111 0.7364583333333333 0.1685185185185185 0.7385416666666667 0.26666666666666666 0.7541666666666667 0.3111111111111111 0.7739583333333333 0.35 0.8052083333333333 0.3648148148148148 0.8489583333333334 0.35555555555555557 0.9083333333333333 0.3277777777777778 0.9479166666666666 0.25555555555555554 1 0 1 0 0.7427083333333333
0 0.8685185185185185 0.7520833333333333 0.9425925925925925 0.7645833333333333 1 0.790625 1 0.9666666666666667 0.9518518518518518 0.9895833333333334 0.8759259259259259 1 0.7648148148148148 1 0.6925925925925925 0.9947916666666666 0.5888888888888889 0.96875 0.5370370370370371 0.9447916666666667 0.4703703703703704 0.903125 0.45740740740740743 0.878125 0.46296296296296297 0.8458333333333333 0.4888888888888889 0.815625 0.5333333333333333 0.7895833333333333 0.6333333333333333 0.8020833333333334 0.7351851851851852 0.8010416666666667 0.75 0.796875 0.7537037037037037 0.7833333333333333 0.8092592592592592 0.778125
0 0.17407407407407408 0.24895833333333334 0.22962962962962963 0.25 0.2814814814814815 0.259375 0.32592592592592595 0.27395833333333336 0.35185185185185186 0.28854166666666664 0.3333333333333333 0.315625 0.3277777777777778 0.3416666666666667 0.3111111111111111 0.35625 0.30185185185185187 0.37604166666666666 0.29444444444444445 0.43020833333333336 0.2851851851851852 0.4322916666666667 0.26851851851851855 0.425 0.21666666666666667 0.41875 0.15 0.42291666666666666 0.07222222222222222 0.440625 0 0.4666666666666667 0 0.31875 0.05740740740740741 0.27395833333333336 0.0962962962962963 0.2604166666666667
0 0.22777777777777777 0.115625 0.27037037037037037 0.115625 0.32037037037037036 0.121875 0.3592592592592593 0.134375 0.412962962962963 0.1625 0.4388888888888889 0.18125 0.44074074074074077 0.23854166666666668 0.45925925925925926 0.2520833333333333 0.4351851851851852 0.25729166666666664 0.3574074074074074 0.28958333333333336 0.34444444444444444 0.28854166666666664 0.3111111111111111 0.27291666666666664 0.2759259259259259 0.2635416666666667 0.19444444444444445 0.25416666666666665 0.11851851851851852 0.2604166666666667 0.04814814814814815 0.2760416666666667 0.037037037037037035 0.228125 0.04814814814814815 0.20104166666666667 0.07037037037037037 0.17395833333333333 0.1 0.15208333333333332 0.14444444444444443 0.13333333333333333 0.1648148148148148 0.11770833333333333
0 0.5351851851851852 0.028125 0.6 0.03333333333333333 0.6444444444444445 0.04583333333333333 0.6703703703703704 0.06145833333333333 0.687037037037037 0.08020833333333334 0.7037037037037037 0.11979166666666667 0.7018518518518518 0.153125 0.6759259259259259 0.184375 0.6240740740740741 0.21979166666666666 0.5796296296296296 0.23333333333333334 0.5407407407407407 0.23125 0.5018518518518519 0.215625 0.4425925925925926 0.16770833333333332 0.4148148148148148 0.11875 0.4166666666666667 0.090625 0.43333333333333335 0.065625 0.4648148148148148 0.04583333333333333 0.5 0.03125
0 0.8796296296296297 0.121875 0.9518518518518518 0.12708333333333333 1 0.13645833333333332 1 0.28229166666666666 0.9722222222222222 0.2864583333333333 0.9407407407407408 0.29791666666666666 0.9018518518518519 0.334375 0.8611111111111112 0.33229166666666665 0.7796296296296297 0.3145833333333333 0.7407407407407407 0.2791666666666667 0.7296296296296296 0.23229166666666667 0.7444444444444445 0.2 0.7888888888888889 0.14895833333333333 0.8277777777777777 0.12916666666666668
0 0.8407407407407408 0 1 0 1 0.134375 0.937037037037037 0.12604166666666666 0.9185185185185185 0.11770833333333333 0.8703703703703703 0.109375 0.8462962962962963 0.11354166666666667 0.8444444444444444 0.10416666666666667 0.8240740740740741 0.09583333333333334 0.8166666666666667 0.078125 0.8166666666666667 0.0375
0 0.23148148148148148 0 0.3648148148148148 0 0.3888888888888889 0.007291666666666667 0.4148148148148148 0.026041666666666668 0.42592592592592593 0.04583333333333333 0.4222222222222222 0.075 0.40555555555555556 0.10625 0.362962962962963 0.134375 0.2962962962962963 0.11875 0.20555555555555555 0.115625 0.1425925925925926 0.065625 0.1388888888888889 0.03958333333333333 0.1574074074074074 0.019791666666666666 0.17777777777777778 0.011458333333333333