0 0.11041666666666666 0.36770833333333336 0.11875 0.36875 0.1125 0.3927083333333333 0.134375 0.42083333333333334 0.14166666666666666 0.465625 0.15104166666666666 0.478125 0.12291666666666666 0.4791666666666667 0.09583333333333334 0.4875 0.057291666666666664 0.5114583333333333 0.046875 0.5239583333333333 0.042708333333333334 0.5375 0.0375 0.5385416666666667 0.013541666666666667 0.51875 0.004166666666666667 0.5020833333333333 0 0.47604166666666664 0.0010416666666666667 0.4114583333333333 0.016666666666666666 0.3927083333333333 0.030208333333333334 0.38333333333333336 0.08645833333333333 0.371875 0.109375 0.371875 0.10625 0.36875
0 0.22708333333333333 0.3802083333333333 0.25729166666666664 0.3854166666666667 0.27708333333333335 0.3958333333333333 0.3020833333333333 0.41770833333333335 0.315625 0.446875 0.315625 0.45729166666666665 0.3072916666666667 0.46875 0.28229166666666666 0.48125 0.24166666666666667 0.5125 0.20833333333333334 0.509375 0.18333333333333332 0.4895833333333333 0.14895833333333333 0.4791666666666667 0.13958333333333334 0.453125 0.14375 0.421875 0.16145833333333334 0.4 0.1875 0.3875
0 0.13125 0.478125 0.159375 0.48125 0.19895833333333332 0.5 0.22291666666666668 0.5270833333333333 0.22916666666666666 0.55 0.22395833333333334 0.596875 0.21145833333333333 0.6125 0.19895833333333332 0.6208333333333333 0.17395833333333333 0.6260416666666667 0.15 0.6364583333333333 0.13645833333333332 0.6364583333333333 0.08125 0.6229166666666667 0.0625 0.6104166666666667 0.04895833333333333 0.59375 0.040625 0.5677083333333334 0.041666666666666664 0.5322916666666667 0.058333333333333334 0.5072916666666667 0.090625 0.4895833333333333
0 0.0375 0.540625 0.041666666666666664 0.540625 0.04479166666666667 0.5739583333333333 0.06041666666666667 0.6 0.084375 0.6177083333333333 0.12291666666666666 0.63125 0.11145833333333334 0.646875 0.075 0.671875 0.030208333333333334 0.6739583333333333 0 0.6645833333333333 0 0.5666666666666667 0.019791666666666666 0.5489583333333333
0 0.05 0.71875 0.09791666666666667 0.725 0.11875 0.734375 0.14791666666666667 0.7697916666666667 0.153125 0.784375 0.15104166666666666 0.8104166666666667 0.12083333333333333 0.8635416666666667 0.096875 0.8885416666666667 0.065625 0.90625 0.028125 0.915625 0 0.915625 0 0.7479166666666667 0.01875 0.728125
0 0.1875 0.61875 0.20833333333333334 0.6208333333333333 0.1875 0.6364583333333333 0.1875 0.646875 0.20520833333333333 0.6770833333333334 0.203125 0.7010416666666667 0.221875 0.7895833333333333 0.184375 0.7864583333333334 0.16770833333333332 0.7802083333333333 0.12083333333333333 0.7354166666666667 0.11979166666666667 0.678125 0.12708333333333333 0.65625 0.14375 0.6375
0 0.20625 0.7916666666666666 0.22604166666666667 0.7979166666666667 0.24375 0.8583333333333333 0.253125 0.8635416666666667 0.26875 0.9 0.25625 0.9739583333333334 0.25 0.9864583333333333 0.2520833333333333 1 0.18645833333333334 1 0.15625 0.9729166666666667 0.10208333333333333 0.9510416666666667 0.1 0.9177083333333333 0.10520833333333333 0.8927083333333333 0.1125 0.8697916666666666 0.12708333333333333 0.8458333333333333 0.13958333333333334 0.8291666666666667 0.16458333333333333 0.8072916666666666 0.18125 0.7979166666666667
0 0.37916666666666665 0.4114583333333333 0.40625 0.41354166666666664 0.46770833333333334 0.440625 0.4979166666666667 0.46145833333333336 0.5166666666666667 0.4822916666666667 0.53125 0.5197916666666667 0.5302083333333333 0.5552083333333333 0.5 0.5770833333333333 0.48020833333333335 0.5979166666666667 0.44583333333333336 0.6083333333333333 0.428125 0.6083333333333333 0.40520833333333334 0.6010416666666667 0.371875 0.575 0.35104166666666664 0.5458333333333333 0.33541666666666664 0.5041666666666667 0.33645833333333336 0.45625 0.35520833333333335 0.4270833333333333
0 0.3645833333333333 0.33958333333333335 0.39895833333333336 0.34479166666666666 0.42083333333333334 0.35625 0.43854166666666666 0.3729166666666667 0.4552083333333333 0.40208333333333335 0.45729166666666665 0.434375 0.4197916666666667 0.421875 0.403125 0.4114583333333333 0.38229166666666664 0.41041666666666665 0.353125 0.4322916666666667 0.3385416666666667 0.46458333333333335 0.3302083333333333 0.4625 0.309375 0.4270833333333333 0.30520833333333336 0.41041666666666665 0.30625 0.38333333333333336 0.31145833333333334 0.3697916666666667 0.3260416666666667 0.353125 0.34375 0.34375
0 0.325 0.465625 0.33229166666666665 0.4666666666666667 0.334375 0.4708333333333333 0.33958333333333335 0.515625 0.353125 0.5479166666666667 0.39166666666666666 0.5947916666666667 0.384375 0.621875 0.3416666666666667 0.6520833333333333 0.328125 0.640625 0.32708333333333334 0.6083333333333333 0.32083333333333336 0.6010416666666667 0.2989583333333333 0.5989583333333334 0.2375 0.6114583333333333 0.22916666666666666 0.603125 0.22604166666666667 0.5854166666666667 0.23229166666666667 0.5416666666666666 0.25729166666666664 0.5010416666666667 0.28854166666666664 0.478125
0 0.4083333333333333 0.6197916666666666 0.44583333333333336 0.6208333333333333 0.46770833333333334 0.634375 0.478125 0.634375 0.4895833333333333 0.665625 0.48854166666666665 0.703125 0.4583333333333333 0.7302083333333333 0.44166666666666665 0.76875 0.434375 0.765625 0.3854166666666667 0.7666666666666667 0.38125 0.7708333333333334 0.37083333333333335 0.7489583333333333 0.346875 0.6572916666666667 0.359375 0.640625 0.38125 0.625
0 0.3645833333333333 0.8708333333333333 0.3802083333333333 0.8708333333333333 0.4041666666666667 0.88125 0.42083333333333334 0.9 0.440625 0.95625 0.44479166666666664 1 0.2552083333333333 1 0.27291666666666664 0.946875 0.29791666666666666 0.9072916666666667 0.32395833333333335 0.8854166666666666
0 0.5114583333333333 0.6989583333333333 0.5416666666666666 0.7020833333333333 0.56875 0.715625 0.5979166666666667 0.7520833333333333 0.6083333333333333 0.7822916666666667 0.6104166666666667 0.8135416666666667 0.6010416666666667 0.8510416666666667 0.5791666666666667 0.8802083333333334 0.55625 0.8927083333333333 0.5135416666666667 0.8947916666666667 0.47604166666666664 0.8770833333333333 0.4479166666666667 0.8416666666666667 0.4354166666666667 0.8083333333333333 0.4395833333333333 0.7625 0.44895833333333335 0.728125 0.46041666666666664 0.7125 0.47708333333333336 0.7020833333333333
0 0.5791666666666667 0.5479166666666667 0.60625 0.5489583333333333 0.6208333333333333 0.5541666666666667 0.646875 0.5791666666666667 0.6614583333333334 0.6083333333333333 0.6697916666666667 0.6458333333333334 0.671875 0.6854166666666667 0.665625 0.7114583333333333 0.65 0.7260416666666667 0.5739583333333333 0.7270833333333333 0.5166666666666667 0.7 0.48541666666666666 0.6666666666666666 0.47604166666666664 0.640625 0.475 0.6208333333333333 0.48854166666666665 0.5791666666666667 0.5125 0.5625
0 0.5791666666666667 0.41770833333333335 0.6125 0.4197916666666667 0.6354166666666666 0.42604166666666665 0.6614583333333334 0.446875 0.6729166666666667 0.46770833333333334 0.6770833333333334 0.49270833333333336 0.6739583333333333 0.5322916666666667 0.6625 0.55625 0.646875 0.56875 0.63125 0.5677083333333334 0.6052083333333333 0.5541666666666667 0.55 0.553125 0.5354166666666667 0.5447916666666667 0.5166666666666667 0.48020833333333335 0.5166666666666667 0.4666666666666667 0.5291666666666667 0.44375 0.5427083333333333 0.43020833333333336 0.5552083333333333 0.42291666666666666
0 0.7583333333333333 0.3927083333333333 0.8020833333333334 0.39791666666666664 0.8375 0.425 0.8447916666666667 0.4375 0.8520833333333333 0.48541666666666666 0.8416666666666667 0.525 0.83125 0.5458333333333333 0.7791666666666667 0.5583333333333333 0.7614583333333333 0.575 0.7479166666666667 0.5760416666666667 0.7208333333333333 0.5677083333333334 0.696875 0.546875 0.6822916666666666 0.5166666666666667 0.6802083333333333 0.478125 0.6916666666666667 0.4395833333333333 0.71875 0.40208333333333335 0.7354166666666667 0.39375
0 0.76875 0.35625 0.8260416666666667 0.35833333333333334 0.8541666666666666 0.36875 0.8697916666666666 0.38125 0.8708333333333333 0.3927083333333333 0.8447916666666667 0.45208333333333334 0.840625 0.4510416666666667 0.840625 0.44583333333333336 0.8260416666666667 0.440625 0.8229166666666666 0.43125 0.8135416666666667 0.428125 0.8083333333333333 0.41770833333333335 0.7864583333333334 0.40520833333333334 0.7729166666666667 0.403125 0.7375 0.40520833333333334 0.7166666666666667 0.4197916666666667 0.709375 0.43333333333333335 0.7052083333333333 0.43333333333333335 0.70625 0.4166666666666667 0.7114583333333333 0.4125 0.715625 0.39166666666666666 0.725 0.37916666666666665 0.746875 0.36354166666666665
0 0.8052083333333333 0.30104166666666665 0.825 0.303125 0.8385416666666666 0.31354166666666666 0.85625 0.3416666666666667 0.8572916666666667 0.3645833333333333 0.7927083333333333 0.3625 0.7604166666666666 0.365625 0.73125 0.38645833333333335 0.7322916666666667 0.353125 0.7395833333333334 0.3416666666666667 0.7802083333333333 0.3125
0 0.9354166666666667 0.359375 0.9666666666666667 0.3645833333333333 1 0.37916666666666665 1 0.54375 0.9614583333333333 0.5302083333333333 0.909375 0.5322916666666667 0.8572916666666667 0.48333333333333334 0.853125 0.43854166666666666 0.8666666666666667 0.39791666666666664 0.8927083333333333 0.37395833333333334 0.9104166666666667 0.3645833333333333
0 0.946875 0.53125 0.9729166666666667 0.534375 1 0.5447916666666667 1 0.7 0.9697916666666667 0.709375 0.934375 0.7083333333333334 0.9291666666666667 0.6239583333333333 0.9197916666666667 0.60625 0.9197916666666667 0.5864583333333333 0.928125 0.5770833333333333 0.9270833333333334 0.5572916666666666 0.8854166666666666 0.5510416666666667 0.890625 0.540625 0.9020833333333333 0.5364583333333334
0 0.6958333333333333 0.5614583333333333 0.75625 0.578125 0.775 0.5927083333333333 0.7760416666666666 0.6333333333333333 0.76875 0.653125 0.76875 0.7166666666666667 0.7604166666666666 0.7354166666666667 0.7427083333333333 0.7322916666666667 0.7197916666666667 0.7385416666666667 0.7010416666666667 0.734375 0.6885416666666667 0.7302083333333333 0.6666666666666666 0.7114583333333333 0.6697916666666667 0.6854166666666667 0.6677083333333333 0.6541666666666667 0.6541666666666667 0.5927083333333333 0.659375 0.5822916666666667
0 0.6770833333333334 0.7364583333333333 0.709375 0.7395833333333334 0.7385416666666667 0.7583333333333333 0.790625 0.834375 0.790625 0.8958333333333334 0.775 0.9354166666666667 0.7697916666666667 0.9697916666666667 0.7572916666666667 0.9885416666666667 0.7354166666666667 0.9989583333333333 0.6979166666666666 0.99375 0.65 0.9666666666666667 0.6197916666666666 0.9364583333333333 0.5989583333333334 0.9 0.5916666666666667 0.8770833333333333 0.590625 0.859375 0.6041666666666666 0.8270833333333333 0.6052083333333333 0.7833333333333333 0.6427083333333333 0.7489583333333333
0 0.46979166666666666 0.8791666666666667 0.484375 0.8791666666666667 0.515625 0.8895833333333333 0.584375 0.8822916666666667 0.5875 0.8989583333333333 0.60625 0.925 0.6104166666666667 0.9458333333333333 0.6020833333333333 1 0.44166666666666665 1 0.43020833333333336 0.909375 0.4427083333333333 0.89375
0 0.9083333333333333 0.84375 0.9260416666666667 0.8458333333333333 0.95 0.85625 0.96875 0.86875 1 0.8989583333333333 1 1 0.76875 1 0.7666666666666667 0.98125 0.771875 0.9364583333333333 0.7833333333333333 0.909375 0.8052083333333333 0.8802083333333334 0.821875 0.865625 0.8458333333333333 0.8552083333333333