0 0.34782608695652173 0.6280193236714976 0.3858695652173913 0.6352657004830918 0.4528985507246377 0.6884057971014492 0.4891304347826087 0.7342995169082126 0.5090579710144928 0.782608695652174 0.5181159420289855 0.8285024154589372 0.5090579710144928 0.9178743961352657 0.48007246376811596 0.966183574879227 0.45652173913043476 0.9855072463768116 0.4003623188405797 0.9975845410628019 0.3442028985507246 0.966183574879227 0.28804347826086957 0.8719806763285024 0.2807971014492754 0.8357487922705314 0.2807971014492754 0.7439613526570048 0.30978260869565216 0.6642512077294686
0 0.18659420289855072 0.49033816425120774 0.24818840579710144 0.5 0.266304347826087 0.5120772946859904 0.30978260869565216 0.5652173913043478 0.32971014492753625 0.6280193236714976 0.28442028985507245 0.7415458937198067 0.2391304347826087 0.7753623188405797 0.18297101449275363 0.7753623188405797 0.15760869565217392 0.7608695652173914 0.12318840579710146 0.7222222222222222 0.09963768115942029 0.6521739130434783 0.09963768115942029 0.5845410628019324 0.11231884057971014 0.5410628019323671 0.13043478260869565 0.5169082125603864
0 0.28442028985507245 0.34057971014492755 0.32065217391304346 0.34057971014492755 0.34601449275362317 0.3526570048309179 0.39311594202898553 0.41545893719806765 0.40217391304347827 0.4468599033816425 0.40217391304347827 0.4806763285024155 0.39492753623188404 0.538647342995169 0.3804347826086957 0.572463768115942 0.3423913043478261 0.5772946859903382 0.29891304347826086 0.5507246376811594 0.2608695652173913 0.5072463768115942 0.2463768115942029 0.463768115942029 0.2427536231884058 0.391304347826087 0.2536231884057971 0.35990338164251207
0 0.7065217391304348 0.5555555555555556 0.730072463768116 0.5579710144927537 0.7481884057971014 0.572463768115942 0.7735507246376812 0.6376811594202898 0.782608695652174 0.7246376811594203 0.7735507246376812 0.8357487922705314 0.7536231884057971 0.8888888888888888 0.7137681159420289 0.9420289855072463 0.6721014492753623 0.961352657004831 0.6086956521739131 0.961352657004831 0.5778985507246377 0.9323671497584541 0.5597826086956522 0.9009661835748792 0.5507246376811594 0.8502415458937198 0.5543478260869565 0.782608695652174 0.5869565217391305 0.7053140096618358 0.6594202898550725 0.6207729468599034 0.6847826086956522 0.5700483091787439
0 0.8876811594202898 0.4975845410628019 0.9166666666666666 0.5 0.947463768115942 0.5289855072463768 0.9637681159420289 0.5748792270531401 0.9655797101449275 0.6159420289855072 0.9528985507246377 0.6811594202898551 0.9311594202898551 0.7246376811594203 0.894927536231884 0.7632850241545893 0.8532608695652174 0.7729468599033816 0.8242753623188406 0.7608695652173914 0.782608695652174 0.7246376811594203 0.7753623188405797 0.7004830917874396 0.7753623188405797 0.6352657004830918 0.7952898550724637 0.5700483091787439 0.822463768115942 0.5314009661835749 0.8641304347826086 0.5024154589371981
0 0.5905797101449275 0.5024154589371981 0.6105072463768116 0.5120772946859904 0.6304347826086957 0.5555555555555556 0.6268115942028986 0.6135265700483091 0.6068840579710145 0.678743961352657 0.5833333333333334 0.7125603864734299 0.5507246376811594 0.7342995169082126 0.5235507246376812 0.7342995169082126 0.5 0.7222222222222222 0.4746376811594203 0.6956521739130435 0.46557971014492755 0.6739130434782609 0.46195652173913043 0.6400966183574879 0.47282608695652173 0.5917874396135265 0.4891304347826087 0.5603864734299517 0.5271739130434783 0.5169082125603864
0 0.6539855072463768 0.4396135265700483 0.7210144927536232 0.4444444444444444 0.7409420289855072 0.46618357487922707 0.7445652173913043 0.5193236714975845 0.7336956521739131 0.5555555555555556 0.6902173913043478 0.5652173913043478 0.6702898550724637 0.5893719806763285 0.6431159420289855 0.5893719806763285 0.6340579710144928 0.5797101449275363 0.6068840579710145 0.4927536231884058 0.6286231884057971 0.45169082125603865
0 0.8170289855072463 0.38164251207729466 0.8369565217391305 0.391304347826087 0.855072463768116 0.4178743961352657 0.8768115942028986 0.49516908212560384 0.8677536231884058 0.5096618357487923 0.822463768115942 0.538647342995169 0.7717391304347826 0.6280193236714976 0.7391304347826086 0.5628019323671497 0.7445652173913043 0.4830917874396135 0.7626811594202898 0.43478260869565216
0 0.8532608695652174 0.21014492753623187 0.875 0.21014492753623187 0.9239130434782609 0.2318840579710145 0.9619565217391305 0.28743961352657005 0.9764492753623188 0.3285024154589372 0.9782608695652174 0.357487922705314 0.9565217391304348 0.41304347826086957 0.9184782608695652 0.43719806763285024 0.8786231884057971 0.43719806763285024 0.855072463768116 0.4227053140096618 0.8333333333333334 0.391304347826087 0.822463768115942 0.3526570048309179 0.8206521739130435 0.2391304347826087 0.8315217391304348 0.21980676328502416
0 0.7644927536231884 0.2246376811594203 0.7934782608695652 0.22705314009661837 0.8152173913043478 0.25120772946859904 0.8242753623188406 0.32608695652173914 0.8188405797101449 0.37922705314009664 0.7590579710144928 0.43719806763285024 0.6684782608695652 0.43719806763285024 0.644927536231884 0.3961352657004831 0.644927536231884 0.3671497584541063 0.6648550724637681 0.3115942028985507 0.7028985507246377 0.2608695652173913
0 0.657608695652174 0.050724637681159424 0.7137681159420289 0.06521739130434782 0.730072463768116 0.0893719806763285 0.7409420289855072 0.1280193236714976 0.7391304347826086 0.17632850241545894 0.7228260869565217 0.22705314009661837 0.6811594202898551 0.2584541062801932 0.6286231884057971 0.2463768115942029 0.5996376811594203 0.17149758454106281 0.605072463768116 0.10144927536231885 0.6304347826086957 0.06521739130434782
0 0.7373188405797102 0.04830917874396135 0.7590579710144928 0.050724637681159424 0.7807971014492754 0.07004830917874397 0.7952898550724637 0.1111111111111111 0.7952898550724637 0.1642512077294686 0.7844202898550725 0.21497584541062803 0.7137681159420289 0.24396135265700483 0.7101449275362319 0.23671497584541062 0.7355072463768116 0.18357487922705315 0.7391304347826086 0.13768115942028986 0.7282608695652174 0.0966183574879227 0.7047101449275363 0.06280193236714976
0 0.5362318840579711 0.30917874396135264 0.5615942028985508 0.30917874396135264 0.5869565217391305 0.32367149758454106 0.6105072463768116 0.3502415458937198 0.625 0.38405797101449274 0.6268115942028986 0.4468599033816425 0.6068840579710145 0.4927536231884058 0.5942028985507246 0.5048309178743962 0.5489130434782609 0.5096618357487923 0.5181159420289855 0.5 0.4855072463768116 0.42995169082125606 0.4782608695652174 0.3888888888888889 0.4945652173913043 0.34057971014492755 0.5036231884057971 0.32608695652173914
0 0.4438405797101449 0.4227053140096618 0.4891304347826087 0.43719806763285024 0.5144927536231884 0.4927536231884058 0.5144927536231884 0.5314009661835749 0.4782608695652174 0.5821256038647343 0.45471014492753625 0.642512077294686 0.427536231884058 0.6231884057971014 0.40942028985507245 0.5942028985507246 0.39492753623188404 0.5483091787439613 0.40398550724637683 0.4468599033816425 0.41304347826086957 0.42995169082125606
0 0.40398550724637683 0.21980676328502416 0.4492753623188406 0.2222222222222222 0.47101449275362317 0.2391304347826087 0.4927536231884058 0.2777777777777778 0.4945652173913043 0.34299516908212563 0.4855072463768116 0.3719806763285024 0.45471014492753625 0.41304347826086957 0.4384057971014493 0.4227053140096618 0.38768115942028986 0.42028985507246375 0.3713768115942029 0.3864734299516908 0.32608695652173914 0.3309178743961353 0.33695652173913043 0.2777777777777778 0.3496376811594203 0.2536231884057971
0 0.22826086956521738 0.12077294685990338 0.27717391304347827 0.13768115942028986 0.3079710144927536 0.18115942028985507 0.3188405797101449 0.2560386473429952 0.30978260869565216 0.3333333333333333 0.2572463768115942 0.34299516908212563 0.21557971014492755 0.33816425120772947 0.2028985507246377 0.3333333333333333 0.18659420289855072 0.30676328502415456 0.17028985507246377 0.2536231884057971 0.16847826086956522 0.19082125603864733 0.19021739130434784 0.14009661835748793
0 0.3532608695652174 0.04830917874396135 0.3858695652173913 0.050724637681159424 0.4257246376811594 0.07729468599033816 0.4601449275362319 0.17391304347826086 0.45108695652173914 0.21739130434782608 0.40217391304347827 0.2222222222222222 0.34601449275362317 0.2463768115942029 0.3134057971014493 0.20772946859903382 0.29528985507246375 0.1642512077294686 0.2753623188405797 0.14009661835748793 0.2753623188405797 0.12560386473429952 0.29891304347826086 0.0748792270531401
0 0.4673913043478261 0 0.5778985507246377 0.0024154589371980675 0.5942028985507246 0.03864734299516908 0.5905797101449275 0.10869565217391304 0.5706521739130435 0.13526570048309178 0.5072463768115942 0.12318840579710146 0.4692028985507246 0.16183574879227053 0.45652173913043476 0.1642512077294686 0.4365942028985507 0.10628019323671498 0.43478260869565216 0.0748792270531401
0 0.5018115942028986 0.12077294685990338 0.5597826086956522 0.1280193236714976 0.5869565217391305 0.1570048309178744 0.592391304347826 0.17391304347826086 0.5869565217391305 0.23671497584541062 0.5615942028985508 0.30434782608695654 0.519927536231884 0.321256038647343 0.5054347826086957 0.321256038647343 0.4927536231884058 0.30676328502415456 0.48188405797101447 0.26570048309178745 0.4583333333333333 0.22705314009661837 0.46557971014492755 0.17391304347826086 0.47644927536231885 0.1473429951690821