0 0.3138888888888889 0.05416666666666667 0.35138888888888886 0.057291666666666664 0.3819444444444444 0.06979166666666667 0.4263888888888889 0.11145833333333334 0.4305555555555556 0.12708333333333333 0.42777777777777776 0.178125 0.4166666666666667 0.203125 0.39444444444444443 0.23333333333333334 0.2652777777777778 0.23229166666666667 0.2361111111111111 0.20520833333333333 0.2263888888888889 0.18958333333333333 0.21388888888888888 0.15208333333333332 0.21388888888888888 0.13541666666666666 0.22777777777777777 0.10208333333333333 0.2513888888888889 0.07395833333333333 0.27361111111111114 0.06041666666666667
0 0.3138888888888889 0.22604166666666667 0.3541666666666667 0.22604166666666667 0.3875 0.23333333333333334 0.4222222222222222 0.25 0.4597222222222222 0.278125 0.46805555555555556 0.290625 0.4666666666666667 0.3302083333333333 0.4513888888888889 0.359375 0.3611111111111111 0.36354166666666665 0.33055555555555555 0.3729166666666667 0.30277777777777776 0.37604166666666666 0.24722222222222223 0.346875 0.23333333333333334 0.33125 0.22083333333333333 0.30104166666666665 0.2222222222222222 0.28125 0.23194444444444445 0.259375 0.25972222222222224 0.23645833333333333
0 0.3888888888888889 0.35520833333333335 0.44583333333333336 0.3572916666666667 0.5055555555555555 0.375 0.5361111111111111 0.39375 0.5402777777777777 0.421875 0.5125 0.475 0.4861111111111111 0.5 0.42916666666666664 0.5239583333333333 0.3763888888888889 0.528125 0.325 0.5125 0.28888888888888886 0.49166666666666664 0.2652777777777778 0.46875 0.26666666666666666 0.4354166666666667 0.2763888888888889 0.403125 0.30972222222222223 0.37395833333333334 0.3458333333333333 0.359375
0 0.2916666666666667 0.5 0.3416666666666667 0.5104166666666666 0.3736111111111111 0.525 0.40694444444444444 0.5510416666666667 0.4222222222222222 0.5770833333333333 0.4263888888888889 0.5979166666666667 0.4222222222222222 0.6458333333333334 0.38055555555555554 0.7 0.3527777777777778 0.6979166666666666 0.30833333333333335 0.7020833333333333 0.2777777777777778 0.6989583333333333 0.23055555555555557 0.678125 0.2111111111111111 0.6604166666666667 0.19722222222222222 0.6385416666666667 0.18888888888888888 0.5916666666666667 0.19166666666666668 0.5541666666666667 0.2 0.5291666666666667 0.21805555555555556 0.5125 0.2791666666666667 0.5072916666666667
0 0.6138888888888889 0.4666666666666667 0.6972222222222222 0.471875 0.7569444444444444 0.5 0.775 0.515625 0.7819444444444444 0.5291666666666667 0.7833333333333333 0.55625 0.7625 0.5927083333333333 0.7138888888888889 0.6239583333333333 0.6722222222222223 0.640625 0.6305555555555555 0.6447916666666667 0.575 0.6364583333333333 0.5430555555555555 0.625 0.5013888888888889 0.59375 0.4888888888888889 0.5666666666666667 0.49027777777777776 0.5333333333333333 0.5097222222222222 0.49895833333333334 0.5611111111111111 0.471875
0 0.5833333333333334 0.23645833333333333 0.6388888888888888 0.2375 0.7 0.25104166666666666 0.7222222222222222 0.265625 0.7388888888888889 0.2864583333333333 0.7416666666666667 0.3260416666666667 0.7277777777777777 0.34479166666666666 0.6902777777777778 0.375 0.6430555555555556 0.39791666666666664 0.5305555555555556 0.4010416666666667 0.475 0.36875 0.4652777777777778 0.35208333333333336 0.45555555555555555 0.353125 0.45555555555555555 0.3416666666666667 0.44166666666666665 0.334375 0.44027777777777777 0.32708333333333334 0.45555555555555555 0.325 0.4736111111111111 0.2864583333333333 0.5111111111111111 0.25833333333333336 0.525 0.2552083333333333 0.5361111111111111 0.246875
0 0.8708333333333333 0.1625 0.9083333333333333 0.16354166666666667 0.9527777777777777 0.17708333333333334 0.9791666666666666 0.196875 0.9930555555555556 0.22395833333333334 0.9916666666666667 0.25416666666666665 0.975 0.28541666666666665 0.9569444444444445 0.29270833333333335 0.9277777777777778 0.325 0.8833333333333333 0.3416666666666667 0.8166666666666667 0.32916666666666666 0.7902777777777777 0.31354166666666666 0.7666666666666667 0.2833333333333333 0.7541666666666667 0.23020833333333332 0.7597222222222222 0.20833333333333334 0.7972222222222223 0.18229166666666666 0.8305555555555556 0.16875
0 0.8055555555555556 0.32708333333333334 0.8638888888888889 0.33645833333333336 0.9111111111111111 0.3645833333333333 0.9277777777777778 0.3958333333333333 0.9208333333333333 0.4354166666666667 0.9013888888888889 0.453125 0.8166666666666667 0.4822916666666667 0.7763888888888889 0.48333333333333334 0.7305555555555555 0.47604166666666664 0.7041666666666667 0.46041666666666664 0.6819444444444445 0.425 0.6805555555555556 0.4010416666666667 0.6902777777777778 0.375 0.7319444444444444 0.33645833333333336
0 0.9069444444444444 0.44895833333333335 0.9569444444444445 0.45625 0.9986111111111111 0.48020833333333335 1 0.5416666666666666 0.9527777777777777 0.559375 0.9236111111111112 0.58125 0.8597222222222223 0.5927083333333333 0.8180555555555555 0.590625 0.775 0.575 0.7722222222222223 0.56875 0.7819444444444444 0.5510416666666667 0.7819444444444444 0.53125 0.7680555555555556 0.5083333333333333 0.7694444444444445 0.503125 0.7888888888888889 0.48854166666666665 0.8458333333333333 0.47708333333333336
0 0.7708333333333334 0.575 0.7847222222222222 0.5770833333333333 0.8680555555555556 0.6114583333333333 0.9055555555555556 0.6375 0.9291666666666667 0.665625 0.9375 0.6895833333333333 0.9361111111111111 0.7208333333333333 0.9208333333333333 0.7479166666666667 0.8875 0.7708333333333334 0.8222222222222222 0.7791666666666667 0.7680555555555556 0.7708333333333334 0.7263888888888889 0.7479166666666667 0.6930555555555555 0.7135416666666666 0.6763888888888889 0.6822916666666666 0.6777777777777778 0.6333333333333333 0.7375 0.6041666666666666
0 0.5 0.625 0.5402777777777777 0.625 0.5986111111111111 0.6364583333333333 0.6402777777777777 0.65625 0.6875 0.6947916666666667 0.6958333333333333 0.7177083333333333 0.6944444444444444 0.7364583333333333 0.6763888888888889 0.7885416666666667 0.6541666666666667 0.8083333333333333 0.6333333333333333 0.815625 0.5972222222222222 0.8145833333333333 0.575 0.8229166666666666 0.5486111111111112 0.8229166666666666 0.5388888888888889 0.828125 0.5013888888888889 0.828125 0.48194444444444445 0.81875 0.43194444444444446 0.8125 0.39166666666666666 0.7833333333333333 0.36527777777777776 0.78125 0.3486111111111111 0.7854166666666667 0.3277777777777778 0.784375 0.32083333333333336 0.7802083333333333 0.3138888888888889 0.7666666666666667 0.3138888888888889 0.74375 0.3347222222222222 0.7083333333333334 0.3541666666666667 0.696875 0.38055555555555554 0.6989583333333333 0.3875 0.6791666666666667 0.425 0.640625 0.4527777777777778 0.63125
0 0.04722222222222222 0.378125 0.08888888888888889 0.38333333333333336 0.12361111111111112 0.39895833333333336 0.14722222222222223 0.43020833333333336 0.1486111111111111 0.46875 0.12083333333333333 0.5083333333333333 0.0875 0.5385416666666667 0 0.5645833333333333 0 0.3885416666666667
0 0.17083333333333334 0.26145833333333335 0.19444444444444445 0.2625 0.2222222222222222 0.271875 0.23194444444444445 0.31875 0.2638888888888889 0.353125 0.26944444444444443 0.371875 0.24722222222222223 0.39479166666666665 0.22777777777777777 0.4010416666666667 0.20694444444444443 0.41458333333333336 0.14722222222222223 0.421875 0.14027777777777778 0.42083333333333334 0.11527777777777778 0.39895833333333336 0.06944444444444445 0.37916666666666665 0.06666666666666667 0.3020833333333333 0.07777777777777778 0.2875
0 0.1527777777777778 0.11875 0.18472222222222223 0.11875 0.2152777777777778 0.128125 0.21944444444444444 0.16041666666666668 0.23055555555555557 0.190625 0.25555555555555554 0.22604166666666667 0.22777777777777777 0.2635416666666667 0.21666666666666667 0.26979166666666665 0.1597222222222222 0.2677083333333333 0.11805555555555555 0.271875 0.10416666666666667 0.259375 0.08611111111111111 0.228125 0.08472222222222223 0.17395833333333333 0.1111111111111111 0.13854166666666667
0 0.44722222222222224 0.071875 0.49722222222222223 0.07395833333333333 0.5333333333333333 0.08229166666666667 0.5444444444444444 0.08645833333333333 0.5736111111111111 0.11145833333333334 0.5930555555555556 0.140625 0.5958333333333333 0.171875 0.5902777777777778 0.18958333333333333 0.5694444444444444 0.2125 0.5569444444444445 0.21458333333333332 0.5319444444444444 0.20104166666666667 0.4875 0.190625 0.4638888888888889 0.190625 0.43472222222222223 0.196875 0.425 0.19375 0.4236111111111111 0.11875 0.4 0.09270833333333334 0.39861111111111114 0.08333333333333333 0.40694444444444444 0.075
0 0.08055555555555556 0.5364583333333334 0.14722222222222223 0.5416666666666666 0.1875 0.5572916666666666 0.1986111111111111 0.6354166666666666 0.19583333333333333 0.6479166666666667 0.18888888888888888 0.6572916666666667 0.1625 0.6729166666666667 0.1361111111111111 0.6791666666666667 0.07777777777777778 0.684375 0.058333333333333334 0.7010416666666667 0.043055555555555555 0.69375 0.004166666666666667 0.69375 0 0.6916666666666667 0 0.5625
0 0.9472222222222222 0.6833333333333333 0.9597222222222223 0.6833333333333333 0.9791666666666666 0.696875 1 0.7020833333333333 1 0.8697916666666666 0.9625 0.88125 0.9097222222222222 0.878125 0.875 0.8645833333333334 0.8319444444444445 0.8239583333333333 0.8180555555555555 0.7885416666666667 0.8208333333333333 0.778125 0.8319444444444445 0.76875 0.8958333333333334 0.7604166666666666 0.9166666666666666 0.7479166666666667 0.9263888888888889 0.7375
0 0.9986111111111111 0.5427083333333333 1 0.7041666666666667 0.9958333333333333 0.7041666666666667 0.9722222222222222 0.6927083333333334 0.9430555555555555 0.6666666666666666 0.9291666666666667 0.6447916666666667 0.9208333333333333 0.6041666666666666 0.9305555555555556 0.58125 0.9430555555555555 0.5677083333333334
0 0.9597222222222223 0.28541666666666665 0.9763888888888889 0.2864583333333333 1 0.303125 1 0.415625 0.9736111111111111 0.42291666666666666 0.9347222222222222 0.4239583333333333 0.9263888888888889 0.4166666666666667 0.9180555555555555 0.378125 0.8819444444444444 0.33958333333333335 0.8902777777777777 0.3333333333333333 0.9236111111111112 0.32395833333333335
0 0.7861111111111111 0.134375 0.8375 0.140625 0.8638888888888889 0.153125 0.8736111111111111 0.16354166666666667 0.8416666666666667 0.16770833333333332 0.8125 0.17708333333333334 0.75 0.215625 0.7208333333333333 0.24791666666666667 0.7263888888888889 0.26458333333333334 0.7208333333333333 0.265625 0.7 0.25416666666666665 0.6722222222222223 0.24583333333333332 0.6722222222222223 0.21145833333333333 0.6930555555555555 0.17291666666666666 0.7319444444444444 0.14479166666666668 0.7513888888888889 0.1375
0 0.45555555555555555 0.18333333333333332 0.49583333333333335 0.18333333333333332 0.5402777777777777 0.19583333333333333 0.5583333333333333 0.21041666666666667 0.5694444444444444 0.23541666666666666 0.5638888888888889 0.24479166666666666 0.5194444444444445 0.2635416666666667 0.46944444444444444 0.29270833333333335 0.40555555555555556 0.24166666666666667 0.4013888888888889 0.23125 0.4166666666666667 0.20104166666666667 0.4375 0.1875
0 0.6013888888888889 0.39479166666666665 0.6347222222222222 0.39479166666666665 0.6541666666666667 0.403125 0.6861111111111111 0.4552083333333333 0.6986111111111111 0.465625 0.6972222222222222 0.4739583333333333 0.6097222222222223 0.471875 0.5708333333333333 0.48020833333333335 0.5222222222222223 0.5020833333333333 0.49583333333333335 0.4979166666666667 0.49166666666666664 0.490625 0.5319444444444444 0.428125 0.5416666666666666 0.39895833333333336