0 0.13257575757575757 0.5510416666666667 0.17234848484848486 0.5520833333333334 0.21401515151515152 0.5625 0.23674242424242425 0.575 0.25757575757575757 0.6041666666666666 0.26136363636363635 0.6375 0.2556818181818182 0.659375 0.23674242424242425 0.6854166666666667 0.18371212121212122 0.7270833333333333 0.16287878787878787 0.734375 0.11742424242424243 0.7364583333333333 0.0625 0.725 0.03409090909090909 0.7104166666666667 0.017045454545454544 0.6947916666666667 0 0.675 0 0.6072916666666667 0.013257575757575758 0.5916666666666667 0.058712121212121215 0.5666666666666667
0 0.4772727272727273 0.6145833333333334 0.4943181818181818 0.6177083333333333 0.5265151515151515 0.6385416666666667 0.5549242424242424 0.66875 0.5662878787878788 0.7114583333333333 0.553030303030303 0.7510416666666667 0.5321969696969697 0.7760416666666666 0.5113636363636364 0.7833333333333333 0.3958333333333333 0.796875 0.36174242424242425 0.7958333333333333 0.3465909090909091 0.7875 0.3446969696969697 0.7708333333333334 0.3143939393939394 0.7239583333333334 0.32386363636363635 0.6645833333333333 0.3503787878787879 0.640625 0.38636363636363635 0.625 0.4166666666666667 0.6177083333333333
0 0.5909090909090909 0.6395833333333333 0.6363636363636364 0.6416666666666667 0.6875 0.653125 0.7196969696969697 0.665625 0.7632575757575758 0.6916666666666667 0.7897727272727273 0.7322916666666667 0.7878787878787878 0.7614583333333333 0.7632575757575758 0.7885416666666667 0.7234848484848485 0.7885416666666667 0.5909090909090909 0.771875 0.5416666666666666 0.771875 0.5625 0.7197916666666667 0.5625 0.6927083333333334 0.5492424242424242 0.6583333333333333 0.5757575757575758 0.6427083333333333
0 0.11553030303030302 0.378125 0.14015151515151514 0.378125 0.16856060606060605 0.38958333333333334 0.2178030303030303 0.428125 0.23106060606060605 0.45 0.23295454545454544 0.4739583333333333 0.2215909090909091 0.5 0.19507575757575757 0.5229166666666667 0.1553030303030303 0.534375 0.054924242424242424 0.521875 0.03409090909090909 0.5104166666666666 0.013257575757575758 0.4791666666666667 0.017045454545454544 0.4427083333333333 0.03787878787878788 0.41458333333333336 0.08333333333333333 0.3875
0 0.3731060606060606 0.33125 0.4185606060606061 0.33229166666666665 0.45075757575757575 0.340625 0.4678030303030303 0.3645833333333333 0.4659090909090909 0.39375 0.45075757575757575 0.415625 0.4053030303030303 0.4510416666666667 0.3560606060606061 0.46041666666666664 0.32007575757575757 0.46041666666666664 0.2708333333333333 0.446875 0.25 0.434375 0.22727272727272727 0.40625 0.22727272727272727 0.38229166666666664 0.2556818181818182 0.353125 0.2821969696969697 0.340625
0 0.5643939393939394 0.36875 0.634469696969697 0.371875 0.6761363636363636 0.390625 0.6988636363636364 0.41041666666666665 0.7083333333333334 0.428125 0.7083333333333334 0.4583333333333333 0.6893939393939394 0.4895833333333333 0.6363636363636364 0.525 0.5833333333333334 0.5364583333333334 0.509469696969697 0.5364583333333334 0.4791666666666667 0.5229166666666667 0.4678030303030303 0.5229166666666667 0.4564393939393939 0.5145833333333333 0.4431818181818182 0.49375 0.4147727272727273 0.475 0.4147727272727273 0.453125 0.4337121212121212 0.42916666666666664 0.48295454545454547 0.38958333333333334 0.5208333333333334 0.37395833333333334
0 0.3541666666666667 0.475 0.4015151515151515 0.47604166666666664 0.4412878787878788 0.48541666666666666 0.4640151515151515 0.5072916666666667 0.5170454545454546 0.5322916666666667 0.5189393939393939 0.5604166666666667 0.509469696969697 0.584375 0.48674242424242425 0.6020833333333333 0.4564393939393939 0.6125 0.4090909090909091 0.6125 0.36174242424242425 0.6010416666666667 0.3371212121212121 0.5875 0.3106060606060606 0.559375 0.29734848484848486 0.5354166666666667 0.29924242424242425 0.50625 0.3125 0.490625
0 0.7064393939393939 0.4666666666666667 0.75 0.47604166666666664 0.7784090909090909 0.490625 0.7973484848484849 0.5166666666666667 0.7973484848484849 0.5416666666666666 0.7859848484848485 0.559375 0.7556818181818182 0.575 0.6931818181818182 0.5864583333333333 0.6534090909090909 0.584375 0.6060606060606061 0.5729166666666666 0.5795454545454546 0.5583333333333333 0.571969696969697 0.54375 0.5909090909090909 0.5302083333333333 0.6268939393939394 0.521875 0.6571969696969697 0.5072916666666667
0 0.8541666666666666 0.41770833333333335 0.8996212121212122 0.41875 0.928030303030303 0.425 0.9640151515151515 0.440625 0.9924242424242424 0.46770833333333334 1 0.48333333333333334 0.9962121212121212 0.5270833333333333 0.990530303030303 0.5354166666666667 0.9583333333333334 0.5510416666666667 0.9375 0.5541666666666667 0.8712121212121212 0.553125 0.8465909090909091 0.55 0.8068181818181818 0.5354166666666667 0.7784090909090909 0.49270833333333336 0.7765151515151515 0.46875 0.7935606060606061 0.44166666666666665 0.8295454545454546 0.4239583333333333
0 0.7083333333333334 0.33958333333333335 0.7537878787878788 0.33958333333333335 0.803030303030303 0.34791666666666665 0.8314393939393939 0.3625 0.8446969696969697 0.378125 0.8484848484848485 0.39375 0.8371212121212122 0.41875 0.8087121212121212 0.43854166666666666 0.7708333333333334 0.453125 0.7121212121212122 0.4552083333333333 0.7045454545454546 0.4270833333333333 0.6856060606060606 0.40208333333333335 0.6117424242424242 0.36666666666666664 0.6174242424242424 0.353125
0 0.8428030303030303 0.5510416666666667 0.9375 0.5572916666666666 0.9659090909090909 0.5635416666666667 0.9981060606060606 0.5791666666666667 1 0.6552083333333333 0.9867424242424242 0.6635416666666667 0.9393939393939394 0.675 0.8958333333333334 0.6729166666666667 0.8446969696969697 0.6635416666666667 0.8238636363636364 0.6520833333333333 0.8011363636363636 0.6229166666666667 0.7954545454545454 0.5927083333333333 0.8087121212121212 0.5666666666666667
0 0.7954545454545454 0.678125 0.8636363636363636 0.68125 0.8939393939393939 0.6895833333333333 0.9299242424242424 0.7083333333333334 0.9431818181818182 0.728125 0.9450757575757576 0.75 0.9318181818181818 0.771875 0.9109848484848485 0.7822916666666667 0.8162878787878788 0.7958333333333333 0.7954545454545454 0.7947916666666667 0.7746212121212122 0.7875 0.7821969696969697 0.7395833333333334 0.7613636363636364 0.690625 0.7670454545454546 0.684375
0 0.2708333333333333 0.6552083333333333 0.32765151515151514 0.659375 0.3162878787878788 0.6895833333333333 0.3162878787878788 0.7208333333333333 0.3465909090909091 0.7614583333333333 0.35795454545454547 0.79375 0.2727272727272727 0.7979166666666667 0.10227272727272728 0.759375 0.11553030303030302 0.7520833333333333 0.11363636363636363 0.740625 0.17045454545454544 0.728125 0.20833333333333334 0.709375 0.2481060606060606 0.66875 0.2518939393939394 0.6572916666666667
0 0.759469696969697 0.5677083333333334 0.7765151515151515 0.575 0.7897727272727273 0.5895833333333333 0.7954545454545454 0.634375 0.7821969696969697 0.6604166666666667 0.7537878787878788 0.6739583333333333 0.75 0.68125 0.6553030303030303 0.6447916666666667 0.615530303030303 0.6395833333333333 0.5738636363636364 0.6416666666666667 0.5625 0.6208333333333333 0.5795454545454546 0.6072916666666667 0.5909090909090909 0.5875 0.615530303030303 0.5729166666666666 0.6912878787878788 0.5791666666666667