0 0.0475 0.27875 0.09875 0.295 0.1225 0.32375 0.12 0.3925 0.1075 0.40375 0.09875 0.39875 0.065 0.3975 0.04 0.39 0.01 0.375 0 0.3625 0 0.29875 0.0175 0.28625
0 0.88625 0.79125 0.91 0.7925 0.94 0.8075 0.965 0.83625 0.97375 0.8575 0.975 0.88125 0.9675 0.92 0.95375 0.945 0.9275 0.9625 0.91 0.96125 0.8775 0.9375 0.85375 0.90875 0.8325 0.86375 0.83375 0.84125 0.8425 0.82125 0.86875 0.7975
0 0.67875 0.5525 0.69875 0.55375 0.72125 0.56375 0.745 0.5775 0.75125 0.5875 0.76125 0.6275 0.75625 0.66625 0.73375 0.68375 0.70125 0.6925 0.67125 0.69 0.63875 0.66125 0.6275 0.64 0.62375 0.60375 0.63 0.585 0.645 0.56625
0 0.75875 0.675 0.78 0.67625 0.80125 0.685 0.8325 0.70625 0.83875 0.725 0.8325 0.78375 0.82125 0.77625 0.81375 0.78625 0.7875 0.7975 0.77625 0.81 0.74875 0.81 0.72 0.8025 0.705 0.79 0.6925 0.76375 0.69375 0.73125 0.7175 0.69125
0 0.4 0.50375 0.4275 0.50625 0.46125 0.52375 0.48 0.54625 0.49125 0.57625 0.48875 0.61 0.475 0.6375 0.45625 0.6525 0.43375 0.65875 0.43125 0.66375 0.42125 0.66375 0.3975 0.645 0.3625 0.5975 0.3525 0.57 0.35125 0.55 0.35875 0.5325 0.3775 0.51375
0 0.4775 0.3975 0.51375 0.3975 0.535 0.4025 0.5525 0.415 0.56125 0.4325 0.5625 0.46375 0.555 0.4825 0.53375 0.5125 0.50625 0.53625 0.48375 0.535 0.46125 0.51875 0.435 0.47625 0.4325 0.44875 0.43875 0.4225 0.46375 0.40125
0 0.255 0.62125 0.2725 0.62375 0.3025 0.64125 0.3175 0.66 0.32625 0.68875 0.32875 0.71625 0.3225 0.7475 0.3125 0.76375 0.2825 0.78125 0.26375 0.77875 0.24875 0.76875 0.21875 0.7275 0.205 0.6925 0.205 0.66125 0.21375 0.64375 0.23 0.62875
0 0.39 0.6575 0.42625 0.66375 0.44875 0.67875 0.45875 0.695 0.4625 0.72125 0.46 0.74 0.44375 0.765 0.42125 0.78875 0.405 0.79375 0.3875 0.7925 0.35875 0.77125 0.34375 0.755 0.33375 0.73125 0.33625 0.7 0.3475 0.68 0.3675 0.66375
0 0.04625 0.48375 0.06875 0.485 0.0925 0.50375 0.09875 0.5325 0.095 0.55375 0.06625 0.59 0.0425 0.60125 0.0025 0.6 0 0.5125 0.02 0.495
0 0.135 0.52625 0.155 0.5275 0.17625 0.53625 0.2 0.56375 0.205 0.60125 0.19 0.64375 0.15 0.64625 0.1075 0.64125 0.085 0.62875 0.06875 0.61 0.06625 0.585 0.0825 0.5725 0.09875 0.54125 0.1125 0.53125
0 0.2225 0.20625 0.26625 0.2125 0.2825 0.22375 0.2975 0.245 0.305 0.28375 0.30125 0.3025 0.29125 0.315 0.24125 0.3225 0.20625 0.31375 0.1975 0.31 0.17125 0.27875 0.17 0.25 0.18 0.23125 0.2025 0.2125
0 0.0175 0.3725 0.04 0.3875 0.0825 0.395 0.08875 0.41 0.08875 0.445 0.0775 0.4675 0.06375 0.4825 0.04125 0.48375 0.0225 0.4925 0 0.475 0 0.3825
0 0.3275 0.34375 0.38 0.345 0.40625 0.355 0.42125 0.38125 0.4275 0.4225 0.42125 0.45 0.415 0.4325 0.4075 0.44375 0.41 0.45375 0.3675 0.46125 0.34 0.48125 0.325 0.47875 0.3125 0.47 0.2875 0.43 0.28375 0.39375 0.2875 0.37625 0.2975 0.36 0.31 0.34875
0 0.605 0.6525 0.6375 0.6625 0.6625 0.68125 0.6325 0.735 0.63125 0.78875 0.61125 0.79875 0.595 0.7975 0.57625 0.78375 0.55125 0.72625 0.55125 0.705 0.5625 0.6775 0.57625 0.665
0 0.66375 0.685 0.72125 0.6875 0.70375 0.7125 0.695 0.73625 0.6975 0.77 0.71375 0.79875 0.66375 0.80125 0.64125 0.79375 0.63 0.7775 0.62625 0.76375 0.63 0.72875 0.64375 0.70375
0 0.4817460378011067 0.6359126965204873 0.5314028630444101 0.623060995461003 0.5679153900916551 0.6373405694416404 0.5790279867913256 0.6627261398053279 0.5663278944449316 0.6833519792761787 0.5552154249178676 0.7357100359030562 0.5266403761042396 0.756335748273198 0.48695285776354796 0.7579223464209286 0.4567903133031966 0.7055645439954685 0.4679027828302607 0.6785921848329873
0 0.42132937113444 0.4525793631871541 0.33931525392784445 0.46440060873476585 0.3202651789945568 0.5199317345563957 0.3329651441683443 0.5564236190549054 0.36154019298197226 0.5310379851408633 0.3996402156759407 0.5151720036635586 0.4345652470764621 0.5151720036635586
0 0.9504960378011066 0.3234126965204874 0.9076408573891377 0.3422320429566841 0.9155782084501485 0.39459003603320747 0.9346286649012552 0.43266858222980203 0.9632033321970639 0.44060150941809995 0.9965408679508618 0.4310819205317171 1 0.33112585592257077
0 0.7171627044677734 0.7984126965204874 0.7155531210999655 0.8340794388141178 0.6774530984059968 0.8483588221436921 0.6345904615992515 0.8388392332573089 0.6330029659525284 0.797587427214899 0.6425280670054754 0.7833080438853248 0.6631655104128801 0.8023473487587993 0.6901530635797845 0.8007607506110689
0 0.7359127044677735 0.8296626965204874 0.7949282849539556 0.848358822143692 0.8346158032946472 0.8166267320883737 0.8123906098953069 0.8753312448565278 0.807628250127743 0.9086499330595765 0.7727030915546149 0.9134096004020589 0.713965625453242 0.8959568936763149 0.7107906341597954 0.8578784110300747