0 0.7525641025641026 0.45625 0.7871794871794872 0.46041666666666664 0.8128205128205128 0.475 0.8320512820512821 0.5052083333333334 0.8333333333333334 0.5375 0.8141025641025641 0.5739583333333333 0.767948717948718 0.61875 0.7576923076923077 0.6239583333333333 0.7346153846153847 0.6260416666666667 0.6923076923076923 0.6125 0.6730769230769231 0.5979166666666667 0.6525641025641026 0.5645833333333333 0.6474358974358975 0.5270833333333333 0.6525641025641026 0.509375 0.6782051282051282 0.47604166666666664 0.7102564102564103 0.4666666666666667 0.7243589743589743 0.4666666666666667 0.7294871794871794 0.459375
0 0.8461538461538461 0.5864583333333333 0.9012820512820513 0.590625 0.926923076923077 0.603125 0.9525641025641025 0.6291666666666667 0.9576923076923077 0.64375 0.9551282051282052 0.6739583333333333 0.941025641025641 0.6958333333333333 0.9141025641025641 0.7125 0.8833333333333333 0.71875 0.8320512820512821 0.715625 0.7948717948717948 0.6958333333333333 0.7666666666666667 0.6666666666666666 0.7615384615384615 0.63125 0.767948717948718 0.6197916666666666 0.7961538461538461 0.5979166666666667
0 0.4935897435897436 0.625 0.5243589743589744 0.6260416666666667 0.5551282051282052 0.6447916666666667 0.5666666666666667 0.6697916666666667 0.5641025641025641 0.7135416666666666 0.5487179487179488 0.7385416666666667 0.514102564102564 0.7604166666666666 0.4756410256410256 0.7708333333333334 0.44358974358974357 0.7697916666666667 0.4153846153846154 0.759375 0.40384615384615385 0.7479166666666667 0.39871794871794874 0.7364583333333333 0.4012820512820513 0.709375 0.41410256410256413 0.6833333333333333 0.4461538461538462 0.6479166666666667 0.47435897435897434 0.6302083333333334
0 0.26666666666666666 0.640625 0.2858974358974359 0.6416666666666667 0.30256410256410254 0.6479166666666667 0.32051282051282054 0.671875 0.3217948717948718 0.7 0.31025641025641026 0.7260416666666667 0.2935897435897436 0.7447916666666666 0.2692307692307692 0.7604166666666666 0.24487179487179486 0.7645833333333333 0.21666666666666667 0.7510416666666667 0.1641025641025641 0.7395833333333334 0.15128205128205127 0.7208333333333333 0.15128205128205127 0.7052083333333333 0.16538461538461538 0.6822916666666666 0.21025641025641026 0.6552083333333333
0 0.38461538461538464 0.56875 0.4166666666666667 0.5729166666666666 0.45897435897435895 0.5875 0.4666666666666667 0.5989583333333334 0.4653846153846154 0.6197916666666666 0.4756410256410256 0.6302083333333334 0.4551282051282051 0.6427083333333333 0.382051282051282 0.70625 0.3576923076923077 0.709375 0.3384615384615385 0.703125 0.32564102564102565 0.69375 0.31666666666666665 0.6666666666666666 0.30512820512820515 0.6489583333333333 0.30641025641025643 0.6375 0.31794871794871793 0.609375 0.3371794871794872 0.584375 0.3474358974358974 0.5770833333333333 0.36666666666666664 0.5802083333333333 0.382051282051282 0.5770833333333333
0 0.18205128205128204 0.7416666666666667 0.2141025641025641 0.7447916666666666 0.23461538461538461 0.7541666666666667 0.25 0.7677083333333333 0.26153846153846155 0.7958333333333333 0.26153846153846155 0.821875 0.25384615384615383 0.84375 0.23076923076923078 0.8677083333333333 0.20512820512820512 0.8770833333333333 0.1576923076923077 0.884375 0.10384615384615385 0.8802083333333334 0.0782051282051282 0.8625 0.07051282051282051 0.8489583333333334 0.06923076923076923 0.8197916666666667 0.07564102564102564 0.8010416666666667 0.08717948717948718 0.7833333333333333 0.10897435897435898 0.7645833333333333 0.1371794871794872 0.7510416666666667
0 0.18717948717948718 0.8916666666666667 0.22435897435897437 0.8979166666666667 0.2512820512820513 0.9239583333333333 0.26153846153846155 0.953125 0.26153846153846155 0.978125 0.25384615384615383 1 0.04358974358974359 1 0.04871794871794872 0.96875 0.07179487179487179 0.9322916666666666 0.0858974358974359 0.91875 0.11153846153846154 0.9020833333333333 0.1294871794871795 0.8958333333333334
0 0.7512820512820513 0.078125 0.7871794871794872 0.08020833333333334 0.7884615384615384 0.08541666666666667 0.8115384615384615 0.10208333333333333 0.8217948717948718 0.12291666666666666 0.823076923076923 0.14583333333333334 0.8128205128205128 0.16875 0.782051282051282 0.18854166666666666 0.7653846153846153 0.18958333333333333 0.7166666666666667 0.178125 0.7025641025641025 0.16770833333333332 0.6923076923076923 0.15 0.6897435897435897 0.12708333333333333 0.6987179487179487 0.10520833333333333 0.7205128205128205 0.0875
0 0.4205128205128205 0.10625 0.44487179487179485 0.10625 0.46025641025641023 0.1125 0.47692307692307695 0.134375 0.4794871794871795 0.15729166666666666 0.47307692307692306 0.17916666666666667 0.4653846153846154 0.1875 0.41794871794871796 0.203125 0.40384615384615385 0.203125 0.38076923076923075 0.19583333333333333 0.367948717948718 0.18125 0.36153846153846153 0.16354166666666667 0.3628205128205128 0.14583333333333334 0.3858974358974359 0.11770833333333333 0.4012820512820513 0.109375
0 0.06025641025641026 0.24583333333333332 0.08461538461538462 0.24791666666666667 0.11282051282051282 0.25625 0.1423076923076923 0.27708333333333335 0.14871794871794872 0.28958333333333336 0.14487179487179488 0.30833333333333335 0.13205128205128205 0.3229166666666667 0.06666666666666667 0.34479166666666666 0.020512820512820513 0.33645833333333336 0.0038461538461538464 0.32083333333333336 0 0.3104166666666667 0.001282051282051282 0.27708333333333335 0.008974358974358974 0.2625 0.026923076923076925 0.25104166666666666
0 0.9615384615384616 0.3260416666666667 1 0.33645833333333336 1 0.43333333333333335 0.9807692307692307 0.4510416666666667 0.9628205128205128 0.46041666666666664 0.9141025641025641 0.46041666666666664 0.8833333333333333 0.4479166666666667 0.8717948717948718 0.4354166666666667 0.867948717948718 0.425 0.8692307692307693 0.390625 0.8910256410256411 0.3625 0.941025641025641 0.34479166666666666 0.9487179487179487 0.33229166666666665
0 0.7102564102564103 0.34270833333333334 0.7346153846153847 0.34375 0.7628205128205128 0.353125 0.7794871794871795 0.3645833333333333 0.791025641025641 0.3802083333333333 0.7935897435897435 0.39375 0.7884615384615384 0.42291666666666666 0.7807692307692308 0.43333333333333335 0.7564102564102564 0.45 0.7217948717948718 0.45416666666666666 0.6794871794871795 0.44479166666666664 0.6666666666666666 0.4375 0.6474358974358975 0.4083333333333333 0.65 0.378125 0.6602564102564102 0.36041666666666666 0.6884615384615385 0.3458333333333333
0 0.591025641025641 0.3260416666666667 0.6461538461538462 0.34791666666666665 0.6551282051282051 0.365625 0.6448717948717949 0.4083333333333333 0.6051282051282051 0.421875 0.5820512820512821 0.4197916666666667 0.5461538461538461 0.3927083333333333 0.5230769230769231 0.384375 0.5153846153846153 0.3729166666666667 0.5153846153846153 0.365625 0.5256410256410257 0.353125 0.5474358974358975 0.3385416666666667 0.5679487179487179 0.328125
0 0.5615384615384615 0.21979166666666666 0.5858974358974359 0.22083333333333333 0.6089743589743589 0.228125 0.6217948717948718 0.23854166666666668 0.6230769230769231 0.246875 0.6141025641025641 0.2833333333333333 0.6038461538461538 0.29791666666666666 0.5705128205128205 0.31875 0.5461538461538461 0.31979166666666664 0.5076923076923077 0.3020833333333333 0.49743589743589745 0.28229166666666666 0.49615384615384617 0.2677083333333333 0.5038461538461538 0.24895833333333334 0.5166666666666667 0.23541666666666666 0.5371794871794872 0.225
0 0.6595848670372596 0.20257936318715414 0.6988652489429613 0.17405200379370978 0.7496652661582416 0.17881186178725555 0.7926500767097839 0.19943773303328338 0.8043731214855877 0.24862243448881405 0.7946039175057512 0.27242147025512564 0.7184038134227652 0.27718126469831705 0.6812806817792557 0.2755946665505865 0.6519729133196156 0.24544923819335315
0 0.174969482421875 0.21716269652048747 0.20063396772973202 0.254968827079736 0.2377570993732414 0.27242147025512564 0.3041879994763911 0.2755946665505865 0.3120033626602602 0.23910278205207686 0.30028016136432556 0.2010242994058366 0.2612033454449799 0.15977258868895824 0.2260340545974379 0.1470798035071145 0.21235701250553574 0.14549317358420683 0.1713261992700917 0.14866640165484496 0.14397242812654984 0.20578409384902804
0 0.26471307216546475 0.1567460298538208 0.29637247977239095 0.12804049863364 0.3471726535078024 0.1343869229997391 0.36280337987554057 0.18198508985789374 0.3413109745997694 0.20578409384902804 0.2944186389764236 0.20578409384902807