0 0.18541666666666667 0.4859375 0.2375 0.4875 0.27708333333333335 0.5125 0.29375 0.5421875 0.29375 0.5640625 0.275 0.6140625 0.24583333333333332 0.6484375 0.18958333333333333 0.6796875 0.14375 0.690625 0.0625 0.68125 0.029166666666666667 0.6609375 0.00625 0.634375 0 0.61875 0.004166666666666667 0.56875 0.027083333333333334 0.5390625 0.06666666666666667 0.5125
0 0.38333333333333336 0.5015625 0.44166666666666665 0.503125 0.4875 0.5203125 0.5583333333333333 0.5765625 0.58125 0.6359375 0.5229166666666667 0.6328125 0.5041666666666667 0.6375 0.475 0.6515625 0.4354166666666667 0.6859375 0.37083333333333335 0.678125 0.32083333333333336 0.653125 0.29375 0.6203125 0.29583333333333334 0.5625 0.3125 0.5359375 0.33541666666666664 0.51875
0 0.6645833333333333 0.4859375 0.70625 0.4875 0.7479166666666667 0.503125 0.7895833333333333 0.5375 0.80625 0.5703125 0.80625 0.6203125 0.7833333333333333 0.6546875 0.7395833333333334 0.6875 0.7020833333333333 0.6953125 0.6541666666666667 0.69375 0.6208333333333333 0.6625 0.5770833333333333 0.6375 0.5645833333333333 0.603125 0.5625 0.5671875 0.5791666666666667 0.5296875 0.6104166666666667 0.503125
0 0.5208333333333334 0.6328125 0.58125 0.6375 0.6166666666666667 0.653125 0.6479166666666667 0.6796875 0.6645833333333333 0.7171875 0.6666666666666666 0.7609375 0.6479166666666667 0.8046875 0.6104166666666667 0.8390625 0.5666666666666667 0.8515625 0.5291666666666667 0.8515625 0.47708333333333336 0.8296875 0.45 0.8015625 0.4270833333333333 0.75 0.42916666666666664 0.7046875 0.4479166666666667 0.6734375 0.49166666666666664 0.640625
0 0.8833333333333333 0.6046875 0.9354166666666667 0.6078125 1 0.6265625 1 0.775 0.96875 0.7859375 0.89375 0.790625 0.85625 0.784375 0.8041666666666667 0.7609375 0.7708333333333334 0.728125 0.7645833333333333 0.6796875 0.7875 0.6421875 0.8208333333333333 0.6171875
0 0.91875 0.434375 0.9666666666666667 0.4359375 1 0.446875 1 0.625 0.94375 0.6125 0.8645833333333334 0.6109375 0.80625 0.628125 0.8020833333333334 0.5671875 0.7791666666666667 0.53125 0.7791666666666667 0.5140625 0.8020833333333334 0.4859375 0.8333333333333334 0.4640625
0 0.80625 0.30625 0.8541666666666666 0.3125 0.8895833333333333 0.328125 0.9166666666666666 0.35 0.93125 0.3828125 0.93125 0.409375 0.9208333333333333 0.434375 0.8104166666666667 0.478125 0.76875 0.471875 0.7270833333333333 0.45 0.69375 0.403125 0.7020833333333333 0.3609375 0.71875 0.3390625 0.75625 0.315625
0 0.6145833333333334 0.384375 0.6541666666666667 0.3875 0.7 0.409375 0.7166666666666667 0.4421875 0.7166666666666667 0.48125 0.7083333333333334 0.4890625 0.6625 0.490625 0.6208333333333333 0.503125 0.5625 0.5484375 0.5291666666666667 0.5390625 0.5145833333333333 0.525 0.4979166666666667 0.4921875 0.5 0.4546875 0.5125 0.4328125 0.5458333333333333 0.403125 0.58125 0.3890625
0 0.53125 0.28125 0.5875 0.2875 0.6291666666666667 0.3140625 0.6416666666666667 0.3390625 0.6416666666666667 0.3796875 0.6291666666666667 0.3875 0.5895833333333333 0.390625 0.55625 0.4015625 0.5125 0.428125 0.50625 0.440625 0.49583333333333335 0.440625 0.4875 0.4203125 0.4354166666666667 0.3828125 0.43333333333333335 0.3375 0.46875 0.2984375 0.4895833333333333 0.2875
0 0.37916666666666665 0.3828125 0.4375 0.3859375 0.46875 0.4015625 0.48541666666666666 0.41875 0.49583333333333335 0.459375 0.48125 0.5125 0.42083333333333334 0.5015625 0.38125 0.503125 0.29375 0.5375 0.28125 0.5515625 0.27708333333333335 0.5234375 0.2604166666666667 0.496875 0.26666666666666666 0.4375 0.3145833333333333 0.4015625
0 0.28541666666666665 0.2375 0.325 0.2375 0.3645833333333333 0.2484375 0.4083333333333333 0.2765625 0.4270833333333333 0.3046875 0.43333333333333335 0.3328125 0.40625 0.38125 0.3020833333333333 0.4 0.2604166666666667 0.3875 0.21041666666666667 0.346875 0.20416666666666666 0.3015625 0.2125 0.271875 0.2520833333333333 0.246875
0 0.13958333333333334 0.340625 0.21458333333333332 0.35 0.2625 0.3890625 0.27708333333333335 0.41875 0.25416666666666665 0.4828125 0.24375 0.4921875 0.1 0.5015625 0.058333333333333334 0.4703125 0.041666666666666664 0.4375 0.04583333333333333 0.3796875 0.08333333333333333 0.3484375
0 0.2875 0.6515625 0.3145833333333333 0.653125 0.33958333333333335 0.6625 0.40208333333333335 0.709375 0.42291666666666666 0.734375 0.44375 0.7875 0.44166666666666665 0.828125 0.42291666666666666 0.8625 0.38958333333333334 0.890625 0.3541666666666667 0.903125 0.2520833333333333 0.8890625 0.22083333333333333 0.865625 0.19583333333333333 0.8265625 0.19166666666666668 0.7640625 0.20625 0.715625 0.23541666666666666 0.6796875