0 0.34601449275362317 0.6666666666666666 0.3713768115942029 0.6666666666666666 0.3858695652173913 0.6763285024154589 0.4003623188405797 0.717391304347826 0.3894927536231884 0.7753623188405797 0.3532608695652174 0.821256038647343 0.338768115942029 0.821256038647343 0.32065217391304346 0.8019323671497585 0.3007246376811594 0.7294685990338164 0.30978260869565216 0.6884057971014492 0.32971014492753625 0.6690821256038647
0 0.6123188405797102 0.5362318840579711 0.6539855072463768 0.5458937198067633 0.6702898550724637 0.5893719806763285 0.6666666666666666 0.6352657004830918 0.6431159420289855 0.6714975845410628 0.6231884057971014 0.6859903381642513 0.5905797101449275 0.6739130434782609 0.5706521739130435 0.6135265700483091 0.5760869565217391 0.5676328502415459 0.5869565217391305 0.5507246376811594
0 0.8876811594202898 0.34541062801932365 0.9402173913043478 0.3502415458937198 0.9637681159420289 0.37922705314009664 0.9692028985507246 0.4082125603864734 0.9655797101449275 0.4420289855072464 0.9565217391304348 0.463768115942029 0.9329710144927537 0.48792270531400966 0.907608695652174 0.4830917874396135 0.8623188405797102 0.43478260869565216 0.8568840579710145 0.38405797101449274 0.8713768115942029 0.35507246376811596
0 0.822463768115942 0.34782608695652173 0.8387681159420289 0.34782608695652173 0.8605072463768116 0.3671497584541063 0.8568840579710145 0.41304347826086957 0.8623188405797102 0.45169082125603865 0.8097826086956522 0.47342995169082125 0.7916666666666666 0.45410628019323673 0.7862318840579711 0.3864734299516908 0.7989130434782609 0.36231884057971014
0 0.8623188405797102 0.46618357487922707 0.9094202898550725 0.4855072463768116 0.9365942028985508 0.4855072463768116 0.9402173913043478 0.5314009661835749 0.9257246376811594 0.5603864734299517 0.9039855072463768 0.5797101449275363 0.8822463768115942 0.5797101449275363 0.8677536231884058 0.5676328502415459 0.8532608695652174 0.5144927536231884
0 0.09782608695652174 0.4178743961352657 0.11956521739130435 0.42028985507246375 0.1358695652173913 0.43719806763285024 0.14492753623188406 0.4613526570048309 0.14492753623188406 0.5024154589371981 0.12318840579710146 0.5410628019323671 0.08333333333333333 0.5748792270531401 0.04891304347826087 0.5797101449275363 0.034420289855072464 0.5628019323671497 0.02355072463768116 0.5314009661835749 0.02717391304347826 0.47342995169082125 0.050724637681159424 0.4323671497584541
0 0.17572463768115942 0.3671497584541063 0.20833333333333334 0.3671497584541063 0.22826086956521738 0.37922705314009664 0.24094202898550723 0.427536231884058 0.2246376811594203 0.46859903381642515 0.18478260869565216 0.5072463768115942 0.17028985507246377 0.5096618357487923 0.14492753623188406 0.49516908212560384 0.13949275362318841 0.4492753623188406 0.12318840579710146 0.41545893719806765 0.1358695652173913 0.38405797101449274
0 0.5960144927536232 0.03140096618357488 0.6413043478260869 0.036231884057971016 0.6648550724637681 0.06280193236714976 0.6648550724637681 0.12560386473429952 0.6376811594202898 0.16183574879227053 0.5942028985507246 0.1570048309178744 0.5670289855072463 0.1111111111111111 0.5670289855072463 0.06521739130434782 0.5778985507246377 0.043478260869565216
0 0.5018115942028986 0.3502415458937198 0.5344202898550725 0.35990338164251207 0.5507246376811594 0.39371980676328505 0.5507246376811594 0.41304347826086957 0.5362318840579711 0.45410628019323673 0.49094202898550726 0.46859903381642515 0.46195652173913043 0.4420289855072464 0.4601449275362319 0.3719806763285024
0 0.4003623188405797 0.357487922705314 0.4438405797101449 0.35990338164251207 0.463768115942029 0.37922705314009664 0.46557971014492755 0.4396135265700483 0.4329710144927536 0.47101449275362317 0.40217391304347827 0.47101449275362317 0.39311594202898553 0.45652173913043476 0.39492753623188404 0.4033816425120773 0.38768115942028986 0.3671497584541063
0 0.5362318840579711 0.26811594202898553 0.5597826086956522 0.2777777777777778 0.5706521739130435 0.30434782608695654 0.5688405797101449 0.3333333333333333 0.5452898550724637 0.3719806763285024 0.49818840579710144 0.34782608695652173 0.5072463768115942 0.2922705314009662 0.5217391304347826 0.27294685990338163
0 0.07065217391304347 0.3526570048309179 0.08514492753623189 0.3526570048309179 0.09057971014492754 0.37681159420289856 0.09782608695652174 0.35507246376811596 0.1286231884057971 0.3695652173913043 0.1358695652173913 0.3888888888888889 0.125 0.4227053140096618 0.08695652173913043 0.41545893719806765 0.041666666666666664 0.4396135265700483 0.043478260869565216 0.3888888888888889
0 0.697463768115942 0.2826086956521739 0.7481884057971014 0.30193236714975846 0.7608695652173914 0.3285024154589372 0.7626811594202898 0.3695652173913043 0.7518115942028986 0.4251207729468599 0.7409420289855072 0.4444444444444444 0.7047101449275363 0.4420289855072464 0.6739130434782609 0.4033816425120773 0.6739130434782609 0.3864734299516908 0.697463768115942 0.32608695652173914
0 0.7264492753623188 0.45410628019323673 0.7409420289855072 0.45652173913043476 0.7481884057971014 0.47101449275362317 0.7481884057971014 0.5434782608695652 0.7427536231884058 0.5603864734299517 0.7155797101449275 0.5652173913043478 0.6992753623188406 0.5434782608695652 0.6938405797101449 0.5024154589371981 0.7047101449275363 0.46859903381642515
0 0.769927536231884 0.43719806763285024 0.7807971014492754 0.43719806763285024 0.7971014492753623 0.46618357487922707 0.8260869565217391 0.4782608695652174 0.8206521739130435 0.5144927536231884 0.8097826086956522 0.533816425120773 0.7844202898550725 0.5362318840579711 0.7626811594202898 0.5144927536231884 0.7608695652173914 0.46618357487922707