0 0.10833333333333334 0.23703703703703705 0.175 0.2462962962962963 0.21354166666666666 0.26851851851851855 0.21666666666666667 0.2796296296296296 0.228125 0.29074074074074074 0.23958333333333334 0.3425925925925926 0.25 0.3574074074074074 0.2604166666666667 0.387037037037037 0.2677083333333333 0.4703703703703704 0.2635416666666667 0.5277777777777778 0.24479166666666666 0.6018518518518519 0.234375 0.6314814814814815 0.20833333333333334 0.674074074074074 0.17291666666666666 0.7037037037037037 0.115625 0.7222222222222222 0.07708333333333334 0.7222222222222222 0.03125 0.6925925925925925 0 0.6481481481481481 0 0.34444444444444444 0.023958333333333335 0.29814814814814816 0.05416666666666667 0.2611111111111111 0.07604166666666666 0.2462962962962963
0 0.09583333333333334 0 0.23229166666666667 0.001851851851851852 0.23645833333333333 0.07777777777777778 0.24791666666666667 0.15925925925925927 0.24479166666666666 0.19074074074074074 0.21770833333333334 0.2833333333333333 0.203125 0.2814814814814815 0.15520833333333334 0.25 0.13020833333333334 0.24444444444444444 0.0875 0.2462962962962963 0.052083333333333336 0.26851851851851855 0.0375 0.26851851851851855 0.03854166666666667 0.17592592592592593 0.04895833333333333 0.10185185185185185 0.06041666666666667 0.05925925925925926
0 0.23229166666666667 0 0.446875 0 0.453125 0.046296296296296294 0.44895833333333335 0.15555555555555556 0.4322916666666667 0.19444444444444445 0.37916666666666665 0.2722222222222222 0.3145833333333333 0.25925925925925924 0.27708333333333335 0.2222222222222222 0.25 0.16666666666666666 0.23333333333333334 0.08333333333333333
0 0.44375 0 0.45 0.05925925925925926 0.45 0.14074074074074075 0.46041666666666664 0.17777777777777778 0.49375 0.1962962962962963 0.5322916666666667 0.2388888888888889 0.559375 0.23148148148148148 0.58125 0.19814814814814816 0.6020833333333333 0.1259259259259259 0.6072916666666667 0.08888888888888889 0.6052083333333333 0.04259259259259259 0.5916666666666667 0
0 0.7302083333333333 0.03888888888888889 0.778125 0.05185185185185185 0.803125 0.07222222222222222 0.8302083333333333 0.11666666666666667 0.834375 0.1425925925925926 0.8447916666666667 0.15925925925925927 0.8520833333333333 0.1925925925925926 0.85 0.22777777777777777 0.8104166666666667 0.3333333333333333 0.790625 0.3574074074074074 0.759375 0.37962962962962965 0.7510416666666667 0.37222222222222223 0.7302083333333333 0.32407407407407407 0.7135416666666666 0.30185185185185187 0.6927083333333334 0.2833333333333333 0.6354166666666666 0.2518518518518518 0.6552083333333333 0.14444444444444443 0.6677083333333333 0.10555555555555556 0.6958333333333333 0.05925925925925926
0 0.625 0 0.6479166666666667 0.003703703703703704 0.6791666666666667 0.022222222222222223 0.6979166666666666 0.03888888888888889 0.7041666666666667 0.05555555555555555 0.66875 0.11666666666666667 0.6375 0.25555555555555554 0.5583333333333333 0.30925925925925923 0.546875 0.26481481481481484 0.546875 0.24074074074074073 0.5739583333333333 0.20555555555555555 0.6010416666666667 0.11851851851851852 0.6052083333333333 0.05185185185185185 0.5989583333333334 0.012962962962962963 0.6052083333333333 0.003703703703703704
0 0.8052083333333333 0.022222222222222223 0.8354166666666667 0.02962962962962963 0.8510416666666667 0.05555555555555555 0.8583333333333333 0.08148148148148149 0.8614583333333333 0.12222222222222222 0.859375 0.1925925925925926 0.85 0.23333333333333334 0.8375 0.24444444444444444 0.8333333333333334 0.24259259259259258 0.8270833333333333 0.21666666666666667 0.8239583333333333 0.1537037037037037 0.8125 0.10185185185185185 0.7739583333333333 0.05555555555555555 0.7822916666666667 0.037037037037037035
0 0.88125 0.25 0.925 0.2611111111111111 0.9385416666666667 0.2759259259259259 0.9552083333333333 0.3111111111111111 0.96875 0.37962962962962965 0.9645833333333333 0.4740740740740741 0.9447916666666667 0.5611111111111111 0.925 0.6 0.8875 0.6425925925925926 0.8510416666666667 0.6203703703703703 0.8322916666666667 0.5888888888888889 0.8072916666666666 0.5351851851851852 0.7989583333333333 0.4759259259259259 0.8052083333333333 0.3592592592592593 0.81875 0.3074074074074074 0.834375 0.2777777777777778
0 0.63125 0.25555555555555554 0.6572916666666667 0.2611111111111111 0.7010416666666667 0.2833333333333333 0.7260416666666667 0.30925925925925923 0.7427083333333333 0.337037037037037 0.7541666666666667 0.36666666666666664 0.7635416666666667 0.42407407407407405 0.765625 0.5111111111111111 0.7489583333333333 0.5777777777777777 0.715625 0.6481481481481481 0.659375 0.7018518518518518 0.6083333333333333 0.7092592592592593 0.5666666666666667 0.6888888888888889 0.5385416666666667 0.6481481481481481 0.5260416666666666 0.6074074074074074 0.5260416666666666 0.5222222222222223 0.5375 0.3962962962962963 0.5447916666666667 0.37777777777777777 0.54375 0.34074074074074073 0.55625 0.3425925925925926 0.5614583333333333 0.32407407407407407 0.5875 0.2851851851851852
0 0.4510416666666667 0.17962962962962964 0.4864583333333333 0.18333333333333332 0.5104166666666666 0.20185185185185187 0.5385416666666667 0.2388888888888889 0.5510416666666667 0.2722222222222222 0.55 0.3 0.5375 0.3648148148148148 0.521875 0.4148148148148148 0.5 0.45 0.47291666666666665 0.4666666666666667 0.4395833333333333 0.4648148148148148 0.41458333333333336 0.4462962962962963 0.38645833333333335 0.3925925925925926 0.378125 0.3351851851851852 0.384375 0.27037037037037037 0.39791666666666664 0.23333333333333334 0.4239583333333333 0.1962962962962963
0 0.315625 0.2574074074074074 0.384375 0.26851851851851855 0.390625 0.37037037037037035 0.403125 0.40925925925925927 0.4354166666666667 0.45925925925925926 0.434375 0.4740740740740741 0.40729166666666666 0.5481481481481482 0.3927083333333333 0.5703703703703704 0.3802083333333333 0.575925925925926 0.33125 0.5425925925925926 0.3 0.5296296296296297 0.284375 0.5092592592592593 0.271875 0.4759259259259259 0.2635416666666667 0.37222222222222223 0.26979166666666665 0.29814814814814816 0.2833333333333333 0.2740740740740741
0 0.28958333333333336 0.5185185185185185 0.35 0.5370370370370371 0.365625 0.5462962962962963 0.37395833333333334 0.5611111111111111 0.40208333333333335 0.6333333333333333 0.40208333333333335 0.7592592592592593 0.38645833333333335 0.7907407407407407 0.3729166666666667 0.8 0.3333333333333333 0.7925925925925926 0.278125 0.7981481481481482 0.24270833333333333 0.8333333333333334 0.21979166666666666 0.8740740740740741 0.203125 0.8722222222222222 0.184375 0.8444444444444444 0.17083333333333334 0.8111111111111111 0.15833333333333333 0.7574074074074074 0.15833333333333333 0.7074074074074074 0.203125 0.6611111111111111 0.23020833333333332 0.6092592592592593 0.2552083333333333 0.5370370370370371 0.26666666666666666 0.524074074074074
0 0.5208333333333334 0.412962962962963 0.5302083333333333 0.4185185185185185 0.5375 0.4666666666666667 0.5333333333333333 0.5592592592592592 0.5354166666666667 0.6111111111111112 0.5427083333333333 0.6388888888888888 0.5583333333333333 0.6703703703703704 0.5604166666666667 0.6907407407407408 0.5489583333333333 0.7166666666666667 0.5208333333333334 0.7407407407407407 0.49583333333333335 0.75 0.45208333333333334 0.7407407407407407 0.42604166666666665 0.7166666666666667 0.4125 0.687037037037037 0.3958333333333333 0.6148148148148148 0.39895833333333336 0.5462962962962963 0.41354166666666664 0.5018518518518519 0.43020833333333336 0.4685185185185185 0.4791666666666667 0.45740740740740743
0 0.303125 0.7851851851851852 0.37395833333333334 0.7944444444444444 0.40520833333333334 0.8222222222222222 0.42083333333333334 0.8555555555555555 0.43854166666666666 0.912962962962963 0.44479166666666664 0.9629629629629629 0.4427083333333333 1 0.19895833333333332 1 0.20104166666666667 0.924074074074074 0.22291666666666668 0.8592592592592593 0.26145833333333335 0.8037037037037037
0 0.565625 0.8611111111111112 0.5958333333333333 0.8703703703703703 0.6229166666666667 0.8981481481481481 0.6489583333333333 0.9425925925925925 0.6708333333333333 1 0.48854166666666665 1 0.5 0.9333333333333333 0.5104166666666666 0.9074074074074074 0.540625 0.8703703703703703
0 0.44375 0.7407407407407407 0.4791666666666667 0.7425925925925926 0.5135416666666667 0.7574074074074074 0.5427083333333333 0.7907407407407407 0.5552083333333333 0.812962962962963 0.565625 0.8462962962962963 0.565625 0.8592592592592593 0.5364583333333334 0.8740740740740741 0.5166666666666667 0.9018518518518519 0.503125 0.9425925925925925 0.4947916666666667 1 0.43854166666666666 1 0.4375 0.9425925925925925 0.4270833333333333 0.8870370370370371 0.4083333333333333 0.8351851851851851 0.37916666666666665 0.7962962962962963 0.38645833333333335 0.7777777777777778 0.40625 0.7574074074074074
0 0.7354166666666667 0.6388888888888888 0.7739583333333333 0.6425925925925926 0.7958333333333333 0.6574074074074074 0.8385416666666666 0.7055555555555556 0.859375 0.7555555555555555 0.8729166666666667 0.8111111111111111 0.8770833333333333 0.8796296296296297 0.8729166666666667 0.9203703703703704 0.8635416666666667 0.9574074074074074 0.8427083333333333 1 0.671875 1 0.6625 0.987037037037037 0.6395833333333333 0.9259259259259259 0.6333333333333333 0.8851851851851852 0.6333333333333333 0.825925925925926 0.6416666666666667 0.7462962962962963 0.6708333333333333 0.687037037037037 0.7041666666666667 0.6537037037037037