0 0.3425925925925926 0.659375 0.4185185185185185 0.6614583333333334 0.46111111111111114 0.6697916666666667 0.48333333333333334 0.6822916666666666 0.5018518518518519 0.7041666666666667 0.5 0.740625 0.47962962962962963 0.765625 0.4388888888888889 0.790625 0.3296296296296296 0.8270833333333333 0.26666666666666666 0.8260416666666667 0.2518518518518518 0.8177083333333334 0.23333333333333334 0.7822916666666667 0.2351851851851852 0.7333333333333333 0.25 0.709375 0.2777777777777778 0.684375 0.3074074074074074 0.66875
0 0.22592592592592592 0.759375 0.2388888888888889 0.7635416666666667 0.24814814814814815 0.775 0.2574074074074074 0.809375 0.28703703703703703 0.8166666666666667 0.32037037037037036 0.8333333333333334 0.3148148148148148 0.8604166666666667 0.29814814814814816 0.8770833333333333 0.20185185185185187 0.93125 0.17592592592592593 0.9427083333333334 0.1537037037037037 0.94375 0.11481481481481481 0.93125 0.08518518518518518 0.9104166666666667 0.07222222222222222 0.884375 0.07222222222222222 0.8447916666666667 0.08703703703703704 0.815625 0.1388888888888889 0.7760416666666666 0.16666666666666666 0.7635416666666667
0 0 0.7510416666666667 0.001851851851851852 0.8895833333333333 0.011111111111111112 0.8822916666666667 0.06296296296296296 0.8666666666666667 0.08333333333333333 0.8302083333333333 0.12962962962962962 0.778125 0.11296296296296296 0.7625 0.09074074074074075 0.7541666666666667
0 0.5 0.7520833333333333 0.5574074074074075 0.753125 0.5944444444444444 0.7635416666666667 0.6185185185185185 0.7760416666666666 0.6351851851851852 0.7989583333333333 0.6277777777777778 0.8395833333333333 0.6037037037037037 0.8677083333333333 0.5481481481481482 0.8927083333333333 0.4777777777777778 0.90625 0.39814814814814814 0.9020833333333333 0.3648148148148148 0.8916666666666667 0.34444444444444444 0.878125 0.3277777777777778 0.8614583333333333 0.31851851851851853 0.8354166666666667 0.35185185185185186 0.8177083333333334 0.4425925925925926 0.7875
0 0.7351851851851852 0.7895833333333333 0.7777777777777778 0.7916666666666666 0.8 0.8052083333333333 0.825925925925926 0.8927083333333333 0.8148148148148148 0.9177083333333333 0.7814814814814814 0.94375 0.75 0.95625 0.7055555555555556 0.959375 0.674074074074074 0.953125 0.6185185185185185 0.915625 0.6 0.8739583333333333 0.6203703703703703 0.8416666666666667 0.6481481481481481 0.81875 0.6814814814814815 0.8010416666666667
0 0.8962962962962963 0.771875 0.95 0.7802083333333333 1 0.8052083333333333 1 0.8916666666666667 0.9592592592592593 0.915625 0.9314814814814815 0.925 0.8703703703703703 0.928125 0.825925925925926 0.909375 0.8111111111111111 0.8208333333333333 0.837037037037037 0.7875 0.8629629629629629 0.7760416666666666
0 0.7444444444444445 0.665625 0.8037037037037037 0.6770833333333334 0.8407407407407408 0.7 0.8555555555555555 0.74375 0.8351851851851851 0.76875 0.7814814814814814 0.790625 0.7 0.7916666666666666 0.6481481481481481 0.78125 0.6185185185185185 0.7802083333333333 0.5592592592592592 0.759375 0.5388888888888889 0.73125 0.5481481481481482 0.7114583333333333 0.5722222222222222 0.690625 0.6777777777777778 0.6885416666666667
0 0.5148148148148148 0.5614583333333333 0.587037037037037 0.5697916666666667 0.6574074074074074 0.5677083333333334 0.6981481481481482 0.578125 0.7296296296296296 0.5979166666666667 0.7518518518518519 0.6322916666666667 0.7518518518518519 0.6479166666666667 0.737037037037037 0.6697916666666667 0.6925925925925925 0.6885416666666667 0.6333333333333333 0.6927083333333334 0.5925925925925926 0.6875 0.5333333333333333 0.6645833333333333 0.5037037037037037 0.6416666666666667 0.48703703703703705 0.6052083333333333 0.49074074074074076 0.578125 0.5018518518518519 0.565625
0 0.5166666666666667 0.421875 0.5962962962962963 0.425 0.6351851851851852 0.4375 0.662962962962963 0.453125 0.7277777777777777 0.5145833333333333 0.7277777777777777 0.5322916666666667 0.7018518518518518 0.553125 0.6555555555555556 0.565625 0.5888888888888889 0.5666666666666667 0.5111111111111111 0.5510416666666667 0.4722222222222222 0.5322916666666667 0.4537037037037037 0.5177083333333333 0.4462962962962963 0.4979166666666667 0.46111111111111114 0.47291666666666665 0.46296296296296297 0.4479166666666667 0.48703703703703705 0.42916666666666664
0 0.412962962962963 0.49583333333333335 0.4388888888888889 0.5 0.46111111111111114 0.5145833333333333 0.48148148148148145 0.5354166666666667 0.5 0.5447916666666667 0.5074074074074074 0.559375 0.4962962962962963 0.5666666666666667 0.4759259259259259 0.6020833333333333 0.4444444444444444 0.6260416666666667 0.3907407407407407 0.64375 0.37407407407407406 0.659375 0.29074074074074074 0.6729166666666667 0.25925925925925924 0.65625 0.23703703703703705 0.6260416666666667 0.23703703703703705 0.5947916666666667 0.25 0.5635416666666667 0.2722222222222222 0.5395833333333333 0.3148148148148148 0.5125 0.3592592592592593 0.5
0 0.10185185185185185 0.553125 0.15185185185185185 0.5552083333333333 0.19074074074074074 0.5645833333333333 0.22407407407407406 0.5885416666666666 0.23148148148148148 0.60625 0.22777777777777777 0.634375 0.18703703703703703 0.6604166666666667 0.1259259259259259 0.6822916666666666 0.08333333333333333 0.6822916666666666 0.037037037037037035 0.6760416666666667 0 0.6572916666666667 0 0.56875 0.012962962962962963 0.5635416666666667
0 0.7574074074074074 0.46145833333333336 0.7888888888888889 0.4635416666666667 0.8537037037037037 0.47708333333333336 0.8851851851851852 0.490625 0.9277777777777778 0.5302083333333333 0.9277777777777778 0.5458333333333333 0.9185185185185185 0.5572916666666666 0.8592592592592593 0.590625 0.8055555555555556 0.59375 0.7574074074074074 0.5875 0.7222222222222222 0.5739583333333333 0.7074074074074074 0.5604166666666667 0.7240740740740741 0.5354166666666667 0.7240740740740741 0.5166666666666667 0.7037037037037037 0.48125
0 0.9907407407407407 0.5333333333333333 1 0.5333333333333333 1 0.6520833333333333 0.9611111111111111 0.65 0.9222222222222223 0.6375 0.8907407407407407 0.61875 0.8740740740740741 0.5958333333333333 0.8759259259259259 0.5802083333333333 0.8925925925925926 0.5729166666666666 0.9351851851851852 0.5395833333333333
0 0.8777777777777778 0.6239583333333333 0.9037037037037037 0.6260416666666667 0.9722222222222222 0.646875 1 0.6479166666666667 1 0.7322916666666667 0.9222222222222223 0.740625 0.8777777777777778 0.728125 0.8592592592592593 0.7302083333333333 0.825925925925926 0.6802083333333333 0.8240740740740741 0.6572916666666667 0.837037037037037 0.64375
0 0.9407407407407408 0.375 1 0.378125 1 0.48541666666666666 0.9814814814814815 0.49270833333333336 0.8851851851851852 0.49166666666666664 0.8425925925925926 0.475 0.7962962962962963 0.46770833333333334 0.7722222222222223 0.4427083333333333 0.7722222222222223 0.42916666666666664 0.7814814814814814 0.41875 0.8981481481481481 0.38229166666666664
0 0.7592592592592593 0.303125 0.8166666666666667 0.309375 0.8537037037037037 0.32708333333333334 0.8722222222222222 0.35104166666666664 0.8759259259259259 0.38333333333333336 0.8611111111111112 0.396875 0.7944444444444444 0.415625 0.7685185185185185 0.43020833333333336 0.7537037037037037 0.4322916666666667 0.7129629629629629 0.4197916666666667 0.6944444444444444 0.409375 0.674074074074074 0.378125 0.6796296296296296 0.35520833333333335 0.7037037037037037 0.321875 0.7185185185185186 0.31145833333333334
0 0.3592592592592593 0.4041666666666667 0.42777777777777776 0.40729166666666666 0.4666666666666667 0.421875 0.4777777777777778 0.43645833333333334 0.4648148148148148 0.446875 0.46111111111111114 0.46458333333333335 0.4425925925925926 0.4666666666666667 0.45925925925925926 0.47604166666666664 0.44814814814814813 0.5041666666666667 0.40185185185185185 0.49895833333333334 0.3148148148148148 0.5177083333333333 0.2740740740740741 0.5083333333333333 0.25925925925925924 0.5 0.24259259259259258 0.48333333333333334 0.24074074074074073 0.4635416666666667 0.3055555555555556 0.41770833333333335
0 0.1037037037037037 0.40625 0.1814814814814815 0.41041666666666665 0.23703703703703705 0.4322916666666667 0.2537037037037037 0.4427083333333333 0.2518518518518518 0.4822916666666667 0.26296296296296295 0.49375 0.23333333333333334 0.5052083333333334 0.20555555555555555 0.5260416666666666 0.16666666666666666 0.5385416666666667 0.1259259259259259 0.5447916666666667 0.10740740740740741 0.5572916666666666 0 0.565625 0 0.45 0.037037037037037035 0.42291666666666666 0.07222222222222222 0.41041666666666665
0 0.19814814814814816 0.24791666666666667 0.2351851851851852 0.25 0.2796296296296296 0.26145833333333335 0.32037037037037036 0.29375 0.32407407407407407 0.3177083333333333 0.31851851851851853 0.32916666666666666 0.3055555555555556 0.33645833333333336 0.2777777777777778 0.36875 0.26851851851851855 0.371875 0.21296296296296297 0.37395833333333334 0.20185185185185187 0.37083333333333335 0.16666666666666666 0.36041666666666666 0.14074074074074075 0.3458333333333333 0.12962962962962962 0.33229166666666665 0.12222222222222222 0.30104166666666665 0.13518518518518519 0.2760416666666667 0.15185185185185185 0.2625
0 0.37962962962962965 0.31354166666666666 0.412962962962963 0.3145833333333333 0.49074074074074076 0.334375 0.5074074074074074 0.35520833333333335 0.5074074074074074 0.3729166666666667 0.4962962962962963 0.396875 0.48518518518518516 0.40729166666666666 0.45925925925925926 0.41354166666666664 0.362962962962963 0.4083333333333333 0.29259259259259257 0.42083333333333334 0.2759259259259259 0.396875 0.2759259259259259 0.3770833333333333 0.28703703703703703 0.3572916666666667 0.3055555555555556 0.3385416666666667 0.3314814814814815 0.325
0 0.5407407407407407 0.24166666666666667 0.5796296296296296 0.24270833333333333 0.6148148148148148 0.25104166666666666 0.6351851851851852 0.2625 0.6555555555555556 0.28958333333333336 0.6555555555555556 0.315625 0.6351851851851852 0.3458333333333333 0.6129629629629629 0.36041666666666666 0.5796296296296296 0.3697916666666667 0.5574074074074075 0.36875 0.5388888888888889 0.359375 0.5018518518518519 0.33125 0.4888888888888889 0.31354166666666666 0.48148148148148145 0.26458333333333334 0.512962962962963 0.24791666666666667
0 0.95 0.22291666666666668 1 0.228125 1 0.3145833333333333 0.95 0.33541666666666664 0.8944444444444445 0.334375 0.8648148148148148 0.321875 0.8444444444444444 0.29375 0.8444444444444444 0.278125 0.8962962962962963 0.23645833333333333 0.9259259259259259 0.22604166666666667
0 0.8111111111111111 0.17083333333333334 0.8592592592592593 0.17291666666666666 0.8907407407407407 0.18645833333333334 0.937037037037037 0.18958333333333333 0.95 0.2 0.95 0.22291666666666668 0.9018518518518519 0.23541666666666666 0.8759259259259259 0.25 0.8481481481481481 0.2760416666666667 0.774074074074074 0.2708333333333333 0.7407407407407407 0.2552083333333333 0.7277777777777777 0.2375 0.7407407407407407 0.2 0.7722222222222223 0.18125
0 0.5962962962962963 0.14791666666666667 0.6444444444444445 0.15208333333333332 0.6481481481481481 0.16458333333333333 0.6777777777777778 0.1875 0.6666666666666666 0.240625 0.6444444444444445 0.26145833333333335 0.6259259259259259 0.2604166666666667 0.6092592592592593 0.25104166666666666 0.5574074074074075 0.240625 0.5111111111111111 0.24583333333333332 0.4962962962962963 0.23020833333333332 0.4925925925925926 0.20729166666666668 0.5037037037037037 0.18541666666666667 0.5222222222222223 0.171875
0 0.4148148148148148 0.203125 0.4425925925925926 0.20520833333333333 0.4740740740740741 0.22708333333333333 0.48148148148148145 0.240625 0.4740740740740741 0.2864583333333333 0.4537037037037037 0.296875 0.43333333333333335 0.30104166666666665 0.34444444444444444 0.29375 0.32222222222222224 0.28125 0.3037037037037037 0.25416666666666665 0.3074074074074074 0.228125 0.3296296296296296 0.21354166666666666
0 0 0.32083333333333336 0.001851851851851852 0.45208333333333334 0.016666666666666666 0.43645833333333334 0.03888888888888889 0.4270833333333333 0.08888888888888889 0.41354166666666664 0.1388888888888889 0.409375 0.14629629629629629 0.38958333333333334 0.13518518518518519 0.3645833333333333 0.1037037037037037 0.34375 0.040740740740740744 0.32395833333333335
0 0.14074074074074075 0.19166666666666668 0.19444444444444445 0.19791666666666666 0.21666666666666667 0.20729166666666668 0.2222222222222222 0.2125 0.22037037037037038 0.24166666666666667 0.16666666666666666 0.25833333333333336 0.1 0.26145833333333335 0.08148148148148149 0.24791666666666667 0.08148148148148149 0.21354166666666666 0.10740740740740741 0.2
0 0.15 0.24791666666666667 0.1685185185185185 0.24791666666666667 0.18518518518518517 0.25416666666666665 0.1648148148148148 0.26145833333333335 0.1388888888888889 0.28125 0.1259259259259259 0.31875 0.11851851851851852 0.3229166666666667 0.06111111111111111 0.3260416666666667 0.040740740740740744 0.3229166666666667 0.022222222222222223 0.29583333333333334 0.027777777777777776 0.2760416666666667 0.07037037037037037 0.25833333333333336