0 0.36727272727272725 0.29120879120879123 0.4218181818181818 0.3076923076923077 0.4509090909090909 0.38461538461538464 0.4109090909090909 0.5164835164835165 0.4218181818181818 0.6648351648351648 0.4 0.6868131868131868 0.3781818181818182 0.6868131868131868 0.34545454545454546 0.6373626373626373 0.29454545454545455 0.489010989010989 0.31272727272727274 0.35714285714285715
0 0.4690909090909091 0.3791208791208791 0.5309090909090909 0.3956043956043956 0.5636363636363636 0.45604395604395603 0.5672727272727273 0.521978021978022 0.5309090909090909 0.6813186813186813 0.48363636363636364 0.7307692307692307 0.4581818181818182 0.7252747252747253 0.43272727272727274 0.6868131868131868 0.4072727272727273 0.6043956043956044 0.41818181818181815 0.46153846153846156
0 0.5854545454545454 0.5384615384615384 0.64 0.5439560439560439 0.6763636363636364 0.6538461538461539 0.6654545454545454 0.8406593406593407 0.610909090909091 0.9505494505494505 0.5781818181818181 0.9340659340659341 0.5418181818181819 0.8791208791208791 0.5236363636363637 0.7912087912087912 0.5381818181818182 0.6098901098901099
0 0.7490909090909091 0.521978021978022 0.8036363636363636 0.5439560439560439 0.84 0.6868131868131868 0.8254545454545454 0.8186813186813187 0.7672727272727272 0.9065934065934066 0.7163636363636363 0.8846153846153846 0.68 0.7912087912087912 0.6872727272727273 0.5879120879120879 0.7054545454545454 0.5494505494505495
0 0.8690909090909091 0.4835164835164835 0.9090909090909091 0.5384615384615384 0.9345454545454546 0.7582417582417582 0.9054545454545454 0.8351648351648352 0.8581818181818182 0.8571428571428571 0.8290909090909091 0.8241758241758241 0.8363636363636363 0.7032967032967034 0.8254545454545454 0.6153846153846154 0.7781818181818182 0.5164835164835165 0.7927272727272727 0.4945054945054945 0.8472727272727273 0.510989010989011
0 0.8145454545454546 0.13736263736263737 0.88 0.17032967032967034 0.9090909090909091 0.25274725274725274 0.9054545454545454 0.3791208791208791 0.88 0.46703296703296704 0.850909090909091 0.510989010989011 0.7963636363636364 0.489010989010989 0.7709090909090909 0.4230769230769231 0.7745454545454545 0.1813186813186813
0 0.9090909090909091 0.1813186813186813 0.9309090909090909 0.1813186813186813 0.9672727272727273 0.24175824175824176 0.9890909090909091 0.33516483516483514 0.9781818181818182 0.489010989010989 0.9490909090909091 0.554945054945055 0.9090909090909091 0.532967032967033 0.8763636363636363 0.47802197802197804 0.9054545454545454 0.3516483516483517 0.9090909090909091 0.26373626373626374 0.8945454545454545 0.19230769230769232
0 0.68 0.1043956043956044 0.6945454545454546 0.18681318681318682 0.7272727272727273 0.14285714285714285 0.7490909090909091 0.16483516483516483 0.7745454545454545 0.27472527472527475 0.7672727272727272 0.43956043956043955 0.7490909090909091 0.5054945054945055 0.7163636363636363 0.5439560439560439 0.6581818181818182 0.5054945054945055 0.6327272727272727 0.38461538461538464 0.6327272727272727 0.21978021978021978
0 0.5490909090909091 0 0.68 0 0.68 0.13186813186813187 0.610909090909091 0.24725274725274726 0.5709090909090909 0.23626373626373626 0.5527272727272727 0.19230769230769232
0 0.4218181818181818 0 0.4290909090909091 0.09340659340659341 0.46545454545454545 0.18681318681318682 0.5018181818181818 0.18681318681318682 0.5454545454545454 0.13186813186813187 0.5527272727272727 0
0 0.32727272727272727 0 0.33090909090909093 0.14835164835164835 0.36 0.26373626373626374 0.4 0.27472527472527475 0.44363636363636366 0.24725274725274726 0.4727272727272727 0.18681318681318682 0.4254545454545455 0.08241758241758242 0.4218181818181818 0
0 0.8 0 0.9236363636363636 0 0.9381818181818182 0.03296703296703297 0.9236363636363636 0.17582417582417584 0.8836363636363637 0.18681318681318682 0.84 0.14285714285714285 0.8 0.04945054945054945
0 0.92 0 0.9636363636363636 0 0.9927272727272727 0.08791208791208792 0.9927272727272727 0.16483516483516483 0.9672727272727273 0.23076923076923078 0.92 0.1813186813186813 0.9309090909090909 0.14285714285714285