0 0.23880597014925373 0.52 0.2935323383084577 0.525 0.373134328358209 0.595 0.39800995024875624 0.655 0.40298507462686567 0.745 0.3880597014925373 0.845 0.3482587064676617 0.93 0.30845771144278605 0.96 0.263681592039801 0.945 0.24875621890547264 0.97 0.21393034825870647 0.97 0.16417910447761194 0.95 0.11940298507462686 0.89 0.08955223880597014 0.82 0.08955223880597014 0.74 0.10945273631840796 0.675 0.1791044776119403 0.57
0 0.48756218905472637 0.555 0.5323383084577115 0.555 0.5870646766169154 0.6 0.6716417910447762 0.75 0.6716417910447762 0.905 0.5970149253731343 0.985 0.572139303482587 0.94 0.5621890547263682 0.975 0.5174129353233831 0.975 0.46766169154228854 0.945 0.39800995024875624 0.81 0.40298507462686567 0.63 0.43283582089552236 0.585
0 0.6865671641791045 0.79 0.8009950248756219 0.805 0.8905472636815921 0.855 0.9402985074626866 0.915 0.9651741293532339 1 0.5920398009950248 1 0.6666666666666666 0.925
0 0.6417910447761194 0.505 0.6865671641791045 0.505 0.7562189054726368 0.565 0.8606965174129353 0.595 0.8955223880597015 0.625 0.9353233830845771 0.7 0.9303482587064676 0.76 0.8955223880597015 0.805 0.7810945273631841 0.805 0.6716417910447762 0.755 0.5970149253731343 0.615 0.6069651741293532 0.535
0 0.7263681592039801 0.28 0.8756218905472637 0.31 0.9502487562189055 0.38 0.9751243781094527 0.45 0.9651741293532339 0.52 0.9502487562189055 0.55 0.8855721393034826 0.57 0.9154228855721394 0.645 0.8756218905472637 0.6 0.7611940298507462 0.57 0.6915422885572139 0.505 0.6666666666666666 0.44 0.6666666666666666 0.37 0.6965174129353234 0.295
0 0.8955223880597015 0.085 1 0.1 1 0.3 0.9203980099502488 0.315 0.9253731343283582 0.335 0.7711442786069652 0.275 0.7263681592039801 0.225 0.7313432835820896 0.18 0.7711442786069652 0.135 0.835820895522388 0.095
0 0.5323383084577115 0.22 0.6169154228855721 0.22 0.6766169154228856 0.255 0.6965174129353234 0.31 0.6567164179104478 0.38 0.5671641791044776 0.395 0.48756218905472637 0.345 0.47761194029850745 0.27
0 0.4228855721393035 0.32 0.5124378109452736 0.365 0.5472636815920398 0.475 0.48258706467661694 0.56 0.373134328358209 0.575 0.2885572139303483 0.52 0.27860696517412936 0.46 0.3482587064676617 0.345
0 0.15920398009950248 0.325 0.3333333333333333 0.36 0.24875621890547264 0.505 0.17412935323383086 0.57 0.10945273631840796 0.595 0 0.585 0 0.425 0.07960199004975124 0.36
0 0.31343283582089554 0.13 0.4577114427860697 0.15 0.5024875621890548 0.175 0.527363184079602 0.22 0.44776119402985076 0.295 0.34328358208955223 0.345 0.2537313432835821 0.35 0.1691542288557214 0.31 0.11442786069651742 0.325 0.23383084577114427 0.27 0.2935323383084577 0.195
0 0.5572139303482587 0.015 0.6616915422885572 0.025 0.7263681592039801 0.065 0.7512437810945274 0.155 0.7164179104477612 0.205 0.6318407960199005 0.23 0.5472636815920398 0.21 0.4975124378109453 0.17 0.47761194029850745 0.12 0.5472636815920398 0.115 0.4975124378109453 0.045
0 0.7064676616915423 0 1 0 1 0.1 0.9104477611940298 0.085 0.8258706467661692 0.105 0.7562189054726368 0.095 0.6865671641791045 0.03