0 0.49375 0.840625 0.5145833333333333 0.8453125 0.5354166666666667 0.859375 0.5645833333333333 0.90625 0.56875 0.9640625 0.55 1 0.46041666666666664 1 0.44166666666666665 0.9515625 0.4395833333333333 0.9265625 0.45208333333333334 0.8796875 0.475 0.85
0 0.5145833333333333 0.7921875 0.5333333333333333 0.7921875 0.5645833333333333 0.8046875 0.6020833333333333 0.8453125 0.6145833333333334 0.90625 0.60625 0.925 0.5854166666666667 0.9421875 0.56875 0.9390625 0.5458333333333333 0.871875 0.4979166666666667 0.8359375 0.5 0.8046875
0 0.6291666666666667 0.725 0.6916666666666667 0.7671875 0.71875 0.8171875 0.7229166666666667 0.8640625 0.7166666666666667 0.8859375 0.7 0.9 0.675 0.9078125 0.6541666666666667 0.9078125 0.61875 0.8875 0.5916666666666667 0.825 0.6 0.7390625 0.6083333333333333 0.7296875
0 0.7166666666666667 0.70625 0.7645833333333333 0.7140625 0.79375 0.7328125 0.8083333333333333 0.7515625 0.8208333333333333 0.7890625 0.8208333333333333 0.825 0.7875 0.85625 0.7604166666666666 0.8578125 0.7229166666666667 0.840625 0.7125 0.7984375 0.6875 0.7578125 0.6895833333333333 0.721875
0 0.7958333333333333 0.6671875 0.8208333333333333 0.6671875 0.85 0.678125 0.88125 0.7109375 0.89375 0.74375 0.89375 0.775 0.8875 0.79375 0.8708333333333333 0.809375 0.83125 0.8140625 0.8229166666666666 0.8078125 0.8083333333333333 0.7546875 0.7791666666666667 0.7203125 0.7791666666666667 0.690625
0 0.8729166666666667 0.646875 0.9083333333333333 0.653125 0.9291666666666667 0.671875 0.9395833333333333 0.696875 0.9354166666666667 0.746875 0.9 0.7875 0.8895833333333333 0.78125 0.8875 0.7328125 0.8770833333333333 0.709375 0.8375 0.6734375 0.84375 0.65625
0 0.9166666666666666 0.60625 0.9458333333333333 0.6125 0.975 0.6296875 1 0.6796875 1 0.6953125 0.99375 0.696875 1 0.703125 0.98125 0.7234375 0.9625 0.7359375 0.9395833333333333 0.7390625 0.9333333333333333 0.7484375 0.93125 0.678125 0.9041666666666667 0.6515625 0.875 0.64375 0.8604166666666667 0.6125 0.8958333333333334 0.6203125
0 0.3645833333333333 0.9140625 0.4041666666666667 0.91875 0.4375 0.9421875 0.4625 1 0.33958333333333335 1 0.33958333333333335 0.940625 0.35 0.9203125
0 0.33541666666666664 0.79375 0.38125 0.8046875 0.4270833333333333 0.84375 0.4479166666666667 0.8859375 0.44583333333333336 0.9109375 0.43125 0.9296875 0.3875 0.9171875 0.3625 0.9171875 0.32708333333333334 0.940625 0.28541666666666665 0.890625 0.275 0.8671875 0.27708333333333335 0.83125 0.28958333333333336 0.8140625
0 0.21041666666666667 0.8625 0.25625 0.86875 0.2916666666666667 0.89375 0.32083333333333336 0.9359375 0.3229166666666667 0.9765625 0.30833333333333335 0.9828125 0.26458333333333334 0.9828125 0.25416666666666665 1 0.17083333333333334 1 0.14166666666666666 0.9578125 0.14375 0.9203125 0.17291666666666666 0.8828125
0 0.1125 0.7875 0.15 0.7921875 0.17291666666666666 0.8046875 0.21875 0.8515625 0.21875 0.8625 0.19375 0.871875 0.1625 0.896875 0.1375 0.934375 0.12291666666666666 0.934375 0.1 0.9234375 0.058333333333333334 0.8765625 0.04791666666666667 0.846875 0.0625 0.8109375
0 0.23958333333333334 0.7421875 0.2833333333333333 0.7546875 0.31666666666666665 0.7921875 0.3145833333333333 0.8015625 0.28958333333333336 0.8171875 0.275 0.8359375 0.26666666666666666 0.8703125 0.23541666666666666 0.8640625 0.18541666666666667 0.809375 0.1875 0.76875 0.2 0.75625
0 0.05 0.7296875 0.06666666666666667 0.7296875 0.09375 0.740625 0.11875 0.7625 0.12708333333333333 0.7875 0.07291666666666667 0.809375 0.052083333333333336 0.840625 0.05416666666666667 0.859375 0.0375 0.8640625 0.010416666666666666 0.8515625 0 0.8328125 0 0.7390625 0.03958333333333333 0.7359375
0 0.15 0.678125 0.19583333333333333 0.68125 0.225 0.7015625 0.24166666666666667 0.728125 0.23958333333333334 0.7453125 0.19166666666666668 0.7703125 0.17708333333333334 0.803125 0.12708333333333333 0.784375 0.08958333333333333 0.7203125 0.09791666666666667 0.6921875
0 0.43125 0.7375 0.45625 0.740625 0.47291666666666665 0.7515625 0.4979166666666667 0.7984375 0.49583333333333335 0.8328125 0.4479166666666667 0.875 0.375 0.7953125 0.38958333333333334 0.7578125 0.4083333333333333 0.7421875
0 0.43125 0.665625 0.45 0.665625 0.47291666666666665 0.675 0.5083333333333333 0.7140625 0.5125 0.73125 0.48333333333333334 0.753125 0.4395833333333333 0.734375 0.4 0.7421875 0.3875 0.7234375 0.39166666666666666 0.6890625 0.4041666666666667 0.6765625
0 0.3333333333333333 0.696875 0.36875 0.70625 0.40208333333333335 0.74375 0.38333333333333336 0.771875 0.38125 0.7984375 0.32083333333333336 0.7921875 0.28125 0.7515625 0.28125 0.73125 0.29583333333333334 0.7109375
0 0.54375 0.7234375 0.575 0.728125 0.5979166666666667 0.7484375 0.5979166666666667 0.7921875 0.5875 0.815625 0.5395833333333333 0.7953125 0.5020833333333333 0.7953125 0.4895833333333333 0.7875 0.48333333333333334 0.7546875 0.5145833333333333 0.728125
0 0.5229166666666667 0.6453125 0.5520833333333334 0.65 0.5854166666666667 0.6859375 0.55625 0.7171875 0.5166666666666667 0.725 0.47291666666666665 0.66875 0.49583333333333335 0.65
0 0.7145833333333333 0.65 0.7291666666666666 0.65 0.7541666666666667 0.6640625 0.7708333333333334 0.69375 0.7666666666666667 0.7109375 0.68125 0.715625 0.6625 0.6984375 0.6520833333333333 0.684375 0.6625 0.6640625 0.6895833333333333 0.6515625
0 0.3625 0.6140625 0.38125 0.6140625 0.39791666666666664 0.6265625 0.42083333333333334 0.665625 0.42083333333333334 0.675 0.4 0.69375 0.3854166666666667 0.7203125 0.3541666666666667 0.7046875 0.32708333333333334 0.7046875 0.3145833333333333 0.696875 0.3104166666666667 0.653125 0.31875 0.6359375 0.32916666666666666 0.625
0 0.5166666666666667 0.584375 0.5625 0.5890625 0.5854166666666667 0.6203125 0.5833333333333334 0.6359375 0.55625 0.646875 0.5041666666666667 0.6453125 0.49583333333333335 0.6390625 0.4791666666666667 0.5984375 0.48541666666666666 0.5890625
0 0.45416666666666666 0.6078125 0.4791666666666667 0.6140625 0.5 0.640625 0.4708333333333333 0.6734375 0.44166666666666665 0.665625 0.42291666666666666 0.6671875 0.4 0.63125 0.41458333333333336 0.6140625
0 0.6208333333333333 0.6203125 0.6479166666666667 0.625 0.6791666666666667 0.65625 0.6729166666666667 0.6734375 0.6583333333333333 0.68125 0.5854166666666667 0.68125 0.5604166666666667 0.6578125 0.5583333333333333 0.64375
0 0.6666666666666666 0.596875 0.6958333333333333 0.6 0.7229166666666667 0.6171875 0.7333333333333333 0.6359375 0.7125 0.6546875 0.68125 0.659375 0.6416666666666667 0.628125 0.64375 0.6046875
0 0.71875 0.565625 0.7520833333333333 0.5671875 0.7916666666666666 0.5984375 0.79375 0.6203125 0.7791666666666667 0.6359375 0.7625 0.6375 0.7291666666666666 0.628125 0.6916666666666667 0.59375 0.69375 0.5796875
0 0.8083333333333333 0.5953125 0.85 0.6046875 0.875 0.6296875 0.8770833333333333 0.6453125 0.85 0.65 0.8333333333333334 0.665625 0.8020833333333334 0.6578125 0.7770833333333333 0.640625 0.7916666666666666 0.60625