0 0.8737864077669902 0.12135922330097088 0.9368932038834952 0.12135922330097088 1 0.16019417475728157 1 0.3106796116504854 0.9514563106796117 0.46116504854368934 0.9029126213592233 0.5339805825242718 0.8252427184466019 0.5825242718446602 0.6893203883495146 0.5776699029126213 0.6601941747572816 0.558252427184466 0.6213592233009708 0.48058252427184467 0.6359223300970874 0.33980582524271846 0.7427184466019418 0.18446601941747573
0 0.5631067961165048 0.5388349514563107 0.6407766990291263 0.5485436893203883 0.7572815533980582 0.6116504854368932 0.8932038834951457 0.7475728155339806 0.9320388349514563 0.8300970873786407 0.9320388349514563 0.8980582524271845 0.8640776699029126 0.9951456310679612 0.7233009708737864 1 0.6456310679611651 0.9660194174757282 0.5097087378640777 0.7912621359223301 0.44660194174757284 0.6650485436893204 0.39805825242718446 0.6213592233009708 0.441747572815534 0.6262135922330098 0.4320388349514563 0.6067961165048543 0.45145631067961167 0.587378640776699
0 0 0 0.05339805825242718 0.07281553398058252 0.25728155339805825 0.11650485436893204 0.39805825242718446 0.07281553398058252 0.470873786407767 0.0048543689320388345
0 0.46116504854368934 0 0.6941747572815534 0.0048543689320388345 0.6893203883495146 0.1650485436893204 0.6213592233009708 0.27184466019417475 0.529126213592233 0.35436893203883496 0.4174757281553398 0.3446601941747573 0.4077669902912621 0.3058252427184466 0.39805825242718446 0.15048543689320387
0 0.8058252427184466 0 1 0 1 0.16990291262135923 0.9368932038834952 0.1262135922330097 0.8058252427184466 0.1407766990291262
0 0.06310679611650485 0.06796116504854369 0.1650485436893204 0.0825242718446602 0.38349514563106796 0.1553398058252427 0.4174757281553398 0.20388349514563106 0.4029126213592233 0.30097087378640774 0.3106796116504854 0.38349514563106796 0.1650485436893204 0.4223300970873786 0.09223300970873786 0.36893203883495146 0 0.33980582524271846 0 0.0825242718446602
0 0 0.33495145631067963 0 0.7281553398058253 0.014563106796116505 0.7281553398058253 0.11165048543689321 0.7038834951456311 0.16019417475728157 0.6650485436893204 0.18932038834951456 0.6116504854368932 0.1941747572815534 0.5097087378640777 0.1262135922330097 0.38349514563106796
0 0.22330097087378642 0.5970873786407767 0.32038834951456313 0.5970873786407767 0.39805825242718446 0.6213592233009708 0.46601941747572817 0.6844660194174758 0.46601941747572817 0.7524271844660194 0.2961165048543689 0.9174757281553398 0.16019417475728157 0.9951456310679612 0 0.9757281553398058 0 0.7233009708737864 0.10679611650485436 0.6990291262135923 0.1650485436893204 0.6504854368932039 0.18446601941747573 0.6067961165048543
0 0.4563106796116505 0.8300970873786407 0.5194174757281553 0.8398058252427184 0.5776699029126213 0.8786407766990292 0.6116504854368932 0.941747572815534 0.616504854368932 1 0.1553398058252427 1 0.3640776699029126 0.8495145631067961
0 0.970873786407767 0.4029126213592233 1 0.42718446601941745 1 0.7961165048543689 0.9174757281553398 0.8106796116504854 0.7912621359223301 0.6310679611650486 0.8252427184466019 0.5776699029126213 0.9271844660194175 0.5
0 0.9902912621359223 0.7961165048543689 1 1 0.8883495145631068 1 0.8786407766990292 0.970873786407767 0.9174757281553398 0.9271844660194175 0.9320388349514563 0.8495145631067961
0 0.4077669902912621 0.3446601941747573 0.5825242718446602 0.3640776699029126 0.5970873786407767 0.4368932038834951 0.5679611650485437 0.5 0.5194174757281553 0.5533980582524272 0.4174757281553398 0.6116504854368932 0.23786407766990292 0.5970873786407767 0.20388349514563106 0.5242718446601942 0.22815533980582525 0.4368932038834951 0.3058252427184466 0.3786407766990291