0 0.1375 0.14629629629629629 0.15833333333333333 0.15185185185185185 0.18125 0.17407407407407408 0.203125 0.2222222222222222 0.21041666666666667 0.2611111111111111 0.221875 0.29074074074074074 0.22604166666666667 0.3148148148148148 0.22291666666666668 0.3648148148148148 0.21979166666666666 0.37962962962962965 0.20208333333333334 0.40555555555555556 0.17708333333333334 0.4111111111111111 0.14375 0.3888888888888889 0.121875 0.34629629629629627 0.096875 0.27037037037037037 0.09375 0.20925925925925926 0.09895833333333333 0.18518518518518517 0.11041666666666666 0.16111111111111112
0 0.090625 0.4444444444444444 0.11354166666666667 0.44814814814814813 0.13125 0.4703703703703704 0.13229166666666667 0.524074074074074 0.15208333333333332 0.6481481481481481 0.11979166666666667 0.7 0.11041666666666666 0.7240740740740741 0.09375 0.737037037037037 0.078125 0.737037037037037 0.0625 0.7277777777777777 0.04583333333333333 0.7 0.034375 0.6407407407407407 0.034375 0.5962962962962963 0.052083333333333336 0.48703703703703705 0.06979166666666667 0.4537037037037037
0 0.159375 0.6537037037037037 0.18333333333333332 0.6574074074074074 0.19791666666666666 0.6685185185185185 0.22083333333333333 0.7037037037037037 0.234375 0.7351851851851852 0.240625 0.7537037037037037 0.24166666666666667 0.812962962962963 0.25625 0.8518518518518519 0.25625 0.8592592592592593 0.246875 0.8722222222222222 0.22916666666666666 0.8833333333333333 0.20208333333333334 0.8814814814814815 0.15729166666666666 0.8444444444444444 0.12395833333333334 0.7907407407407407 0.11458333333333333 0.7388888888888889 0.11770833333333333 0.7092592592592593 0.13333333333333333 0.6759259259259259
0 0.15416666666666667 0.8833333333333333 0.19166666666666668 0.8888888888888888 0.22083333333333333 0.9185185185185185 0.225 0.9277777777777778 0.225 0.975925925925926 0.23541666666666666 1 0.11354166666666667 1 0.11041666666666666 0.9777777777777777 0.115625 0.9314814814814815 0.13125 0.9018518518518519
0 0.2552083333333333 0.8555555555555555 0.2947916666666667 0.8851851851851852 0.3104166666666667 0.924074074074074 0.3177083333333333 0.9666666666666667 0.296875 0.9944444444444445 0.29791666666666666 1 0.23229166666666667 1 0.22604166666666667 0.9833333333333333 0.221875 0.937037037037037 0.23020833333333332 0.8888888888888888
0 0.40625 0.8888888888888888 0.41041666666666665 0.8907407407407407 0.41770833333333335 0.937037037037037 0.4166666666666667 0.9777777777777777 0.4114583333333333 1 0.33229166666666665 1 0.31979166666666664 0.9703703703703703 0.3104166666666667 0.8962962962962963 0.340625 0.9166666666666666 0.371875 0.9166666666666666 0.3927083333333333 0.9055555555555556
0 0.31354166666666666 0.7018518518518518 0.375 0.7166666666666667 0.4010416666666667 0.7388888888888889 0.4114583333333333 0.7555555555555555 0.421875 0.7888888888888889 0.421875 0.8240740740740741 0.40208333333333335 0.9166666666666666 0.3697916666666667 0.9351851851851852 0.33541666666666664 0.9314814814814815 0.3072916666666667 0.912962962962963 0.2947916666666667 0.8925925925925926 0.24895833333333334 0.8462962962962963 0.24375 0.7888888888888889 0.24375 0.7648148148148148 0.24895833333333334 0.7462962962962963 0.27291666666666664 0.7166666666666667
0 0.24895833333333334 0.46296296296296297 0.2708333333333333 0.4740740740740741 0.2916666666666667 0.5074074074074074 0.29270833333333335 0.5592592592592592 0.3020833333333333 0.6 0.33229166666666665 0.6462962962962963 0.328125 0.6796296296296296 0.3104166666666667 0.7074074074074074 0.28229166666666666 0.7185185185185186 0.26458333333333334 0.7148148148148148 0.23333333333333334 0.6611111111111111 0.21875 0.6148148148148148 0.21145833333333333 0.5648148148148148 0.2125 0.5037037037037037 0.22604166666666667 0.4759259259259259
0 0.38645833333333335 0.47962962962962963 0.4375 0.4925925925925926 0.46041666666666664 0.5203703703703704 0.4666666666666667 0.5425925925925926 0.46458333333333335 0.5981481481481481 0.453125 0.6333333333333333 0.4270833333333333 0.6592592592592592 0.39479166666666665 0.6703703703703704 0.33958333333333335 0.6518518518518519 0.30520833333333336 0.6055555555555555 0.296875 0.5796296296296296 0.2947916666666667 0.5333333333333333 0.3072916666666667 0.5018518518518519 0.31666666666666665 0.4925925925925926
0 0.6166666666666667 0.22777777777777777 0.6416666666666667 0.22777777777777777 0.6677083333333333 0.24444444444444444 0.6927083333333334 0.2814814814814815 0.703125 0.31296296296296294 0.7145833333333333 0.37407407407407406 0.7177083333333333 0.43333333333333335 0.7114583333333333 0.48333333333333334 0.6927083333333334 0.5185185185185185 0.6729166666666667 0.5296296296296297 0.6385416666666667 0.5203703703703704 0.621875 0.4981481481481482 0.6052083333333333 0.4462962962962963 0.596875 0.3685185185185185 0.5833333333333334 0.3074074074074074 0.5833333333333334 0.2777777777777778 0.5979166666666667 0.24259259259259258
0 0.6604166666666667 0.09444444444444444 0.6854166666666667 0.0962962962962963 0.7166666666666667 0.1111111111111111 0.7385416666666667 0.13333333333333333 0.7520833333333333 0.1574074074074074 0.765625 0.2037037037037037 0.765625 0.23703703703703705 0.7614583333333333 0.26296296296296295 0.7416666666666667 0.3055555555555556 0.7208333333333333 0.3148148148148148 0.7072916666666667 0.31296296296296294 0.6708333333333333 0.2518518518518518 0.625 0.2222222222222222 0.615625 0.1814814814814815 0.6166666666666667 0.15 0.6322916666666667 0.11481481481481481
0 0.7229166666666667 0.044444444444444446 0.7260416666666667 0.046296296296296294 0.7270833333333333 0.06851851851851852 0.75625 0.05740740740740741 0.7708333333333334 0.06111111111111111 0.8083333333333333 0.10740740740740741 0.8166666666666667 0.13148148148148148 0.8177083333333334 0.18333333333333332 0.80625 0.2518518518518518 0.7864583333333334 0.28888888888888886 0.7666666666666667 0.3074074074074074 0.7447916666666666 0.3111111111111111 0.7364583333333333 0.3055555555555556 0.7552083333333334 0.26851851851851855 0.7604166666666666 0.24444444444444444 0.7614583333333333 0.20185185185185187 0.7510416666666667 0.1648148148148148 0.7135416666666666 0.10555555555555556 0.7229166666666667 0.08703703703703704
0 0.765625 0.3925925925925926 0.7864583333333334 0.39444444444444443 0.8010416666666667 0.4074074074074074 0.8291666666666667 0.45185185185185184 0.8375 0.4740740740740741 0.8427083333333333 0.49444444444444446 0.84375 0.5370370370370371 0.8395833333333333 0.5685185185185185 0.8322916666666667 0.5851851851851851 0.79375 0.6018518518518519 0.7645833333333333 0.587037037037037 0.7541666666666667 0.5703703703703704 0.7395833333333334 0.5166666666666667 0.7375 0.4759259259259259 0.7489583333333333 0.4074074074074074
0 0.6802083333333333 0.6166666666666667 0.696875 0.6166666666666667 0.7145833333333333 0.6314814814814815 0.725 0.674074074074074 0.7239583333333334 0.725925925925926 0.709375 0.7833333333333333 0.684375 0.837037037037037 0.671875 0.8481481481481481 0.65 0.8481481481481481 0.640625 0.837037037037037 0.628125 0.7907407407407407 0.6302083333333334 0.7222222222222222 0.6427083333333333 0.6574074074074074 0.653125 0.6370370370370371
0 0.5177083333333333 0.45740740740740743 0.5427083333333333 0.4722222222222222 0.56875 0.5092592592592593 0.575 0.5407407407407407 0.571875 0.587037037037037 0.559375 0.6333333333333333 0.5270833333333333 0.6907407407407408 0.4791666666666667 0.6944444444444444 0.4666666666666667 0.6851851851851852 0.46041666666666664 0.6666666666666666 0.46770833333333334 0.5425925925925926 0.47708333333333336 0.5018518518518519 0.49166666666666664 0.4740740740740741
0 0.5708333333333333 0.7666666666666667 0.6052083333333333 0.7722222222222223 0.6177083333333333 0.7833333333333333 0.6302083333333334 0.8074074074074075 0.640625 0.8537037037037037 0.640625 0.8777777777777778 0.6333333333333333 0.9074074074074074 0.6114583333333333 0.9444444444444444 0.5802083333333333 0.9648148148148148 0.5375 0.9740740740740741 0.5145833333333333 0.9740740740740741 0.503125 0.9666666666666667 0.490625 0.9425925925925925 0.4822916666666667 0.9037037037037037 0.4875 0.85 0.5 0.8203703703703704 0.525 0.7925925925925926 0.5479166666666667 0.774074074074074
0 0.6697916666666667 0.8518518518518519 0.69375 0.8574074074074074 0.7052083333333333 0.8703703703703703 0.715625 0.8944444444444445 0.7208333333333333 0.937037037037037 0.709375 0.987037037037037 0.7 1 0.5916666666666667 1 0.5979166666666667 0.9518518518518518 0.6166666666666667 0.9333333333333333 0.6291666666666667 0.9111111111111111 0.6385416666666667 0.8740740740740741 0.6489583333333333 0.8611111111111112
0 0.4510416666666667 0.6777777777777778 0.48020833333333335 0.6907407407407408 0.525 0.6925925925925925 0.5427083333333333 0.7314814814814815 0.5427083333333333 0.7611111111111111 0.5302083333333333 0.7870370370370371 0.4979166666666667 0.8185185185185185 0.4479166666666667 0.812962962962963 0.425 0.8222222222222222 0.41770833333333335 0.7722222222222223 0.42083333333333334 0.7277777777777777 0.43125 0.6981481481481482
0 0.5114583333333333 0.2833333333333333 0.540625 0.2851851851851852 0.5614583333333333 0.30185185185185187 0.575 0.3314814814814815 0.575 0.3925925925925926 0.5614583333333333 0.4351851851851852 0.54375 0.4648148148148148 0.5083333333333333 0.4648148148148148 0.478125 0.47962962962962963 0.4625 0.43703703703703706 0.459375 0.36666666666666664 0.4791666666666667 0.3111111111111111 0.4895833333333333 0.2962962962962963
0 0.378125 0.29814814814814816 0.396875 0.30185185185185187 0.428125 0.32407407407407407 0.45416666666666666 0.3685185185185185 0.46145833333333336 0.3907407407407407 0.46979166666666666 0.45 0.4666666666666667 0.4759259259259259 0.45729166666666665 0.4981481481481482 0.440625 0.5 0.3854166666666667 0.4777777777777778 0.3625 0.44074074074074077 0.346875 0.3888888888888889 0.34479166666666666 0.34074074074074073 0.35104166666666664 0.3148148148148148
0 0.35104166666666664 0.17037037037037037 0.38125 0.17407407407407408 0.4 0.19814814814814816 0.4239583333333333 0.3 0.421875 0.31666666666666665 0.3770833333333333 0.30185185185185187 0.340625 0.32407407407407407 0.32395833333333335 0.3055555555555556 0.31145833333333334 0.2611111111111111 0.3104166666666667 0.2222222222222222 0.328125 0.18518518518518517
0 0.43854166666666666 0.12037037037037036 0.4583333333333333 0.12222222222222222 0.471875 0.13703703703703704 0.49375 0.17777777777777778 0.503125 0.22037037037037038 0.503125 0.28888888888888886 0.48541666666666666 0.30925925925925923 0.4666666666666667 0.362962962962963 0.459375 0.37222222222222223 0.421875 0.31666666666666665 0.40729166666666666 0.22962962962962963 0.40625 0.2037037037037037 0.41458333333333336 0.14814814814814814 0.4239583333333333 0.12962962962962962
0 0.5375 0.10925925925925926 0.5552083333333333 0.10925925925925926 0.5729166666666666 0.12037037037037036 0.5916666666666667 0.15185185185185185 0.596875 0.17037037037037037 0.6 0.22962962962962963 0.584375 0.2759259259259259 0.578125 0.31851851851851853 0.571875 0.32407407407407407 0.54375 0.29259259259259257 0.503125 0.2814814814814815 0.50625 0.17592592592592593 0.5145833333333333 0.1388888888888889 0.5270833333333333 0.11666666666666667
0 0.56875 0.4166666666666667 0.5927083333333333 0.42777777777777776 0.6104166666666667 0.4648148148148148 0.6208333333333333 0.512962962962963 0.6291666666666667 0.5296296296296297 0.628125 0.5814814814814815 0.615625 0.6222222222222222 0.6010416666666667 0.6425925925925926 0.5760416666666667 0.6574074074074074 0.55625 0.6574074074074074 0.5552083333333333 0.6444444444444445 0.5729166666666666 0.587037037037037 0.575 0.5537037037037037 0.5708333333333333 0.5166666666666667 0.5479166666666667 0.4703703703703704 0.5479166666666667 0.46111111111111114
0 0.74375 0.6444444444444445 0.7614583333333333 0.6462962962962963 0.7927083333333333 0.6851851851851852 0.7958333333333333 0.7148148148148148 0.7916666666666666 0.7481481481481481 0.7791666666666667 0.7944444444444444 0.7604166666666666 0.8314814814814815 0.7302083333333333 0.8648148148148148 0.70625 0.8722222222222222 0.690625 0.8611111111111112 0.6822916666666666 0.8462962962962963 0.7177083333333333 0.7574074074074074 0.7239583333333334 0.725925925925926 0.7270833333333333 0.6611111111111111
0 0.190625 0 0.25833333333333336 0 0.265625 0.012962962962962963 0.27708333333333335 0.06296296296296296 0.27708333333333335 0.08148148148148149 0.26458333333333334 0.13148148148148148 0.26979166666666665 0.17962962962962964 0.23333333333333334 0.1814814814814815 0.22291666666666668 0.19074074074074074 0.21041666666666667 0.21666666666666667 0.19270833333333334 0.2074074074074074 0.18020833333333333 0.18333333333333332 0.175 0.16111111111111112 0.175 0.12777777777777777 0.18125 0.044444444444444446
0 0.346875 0.018518518518518517 0.38125 0.022222222222222223 0.39895833333333336 0.046296296296296294 0.4083333333333333 0.07962962962962963 0.40625 0.10555555555555556 0.39895833333333336 0.12962962962962962 0.37916666666666665 0.16666666666666666 0.3375 0.17777777777777778 0.3072916666666667 0.2111111111111111 0.29270833333333335 0.20555555555555555 0.275 0.18703703703703703 0.2625 0.14444444444444443 0.26458333333333334 0.11296296296296296 0.27291666666666664 0.08518518518518518 0.290625 0.05740740740740741
0 0.16666666666666666 0.4388888888888889 0.19479166666666667 0.4444444444444444 0.21666666666666667 0.4777777777777778 0.2125 0.5166666666666667 0.215625 0.5888888888888889 0.23020833333333332 0.6444444444444445 0.22604166666666667 0.6592592592592592 0.21666666666666667 0.6666666666666666 0.16354166666666667 0.65 0.14479166666666668 0.6111111111111112 0.13125 0.524074074074074 0.13125 0.48518518518518516 0.146875 0.4537037037037037
0 0.37916666666666665 0 0.40625 0.07407407407407407 0.409375 0.10555555555555556 0.41875 0.11666666666666667 0.46041666666666664 0.12037037037037036 0.4895833333333333 0.07407407407407407 0.49375 0.02962962962962963 0.49166666666666664 0
0 0.6052083333333333 0 0.70625 0 0.71875 0.03333333333333333 0.7208333333333333 0.07777777777777778 0.7166666666666667 0.10185185185185185 0.70625 0.10740740740740741 0.6822916666666666 0.09814814814814815 0.65625 0.09814814814814815 0.6354166666666666 0.11296296296296296 0.6229166666666667 0.10740740740740741 0.60625 0.07777777777777778 0.6114583333333333 0.011111111111111112
0 0.4875 0 0.6072916666666667 0 0.6125 0.011111111111111112 0.6072916666666667 0.07777777777777778 0.5802083333333333 0.08703703703703704 0.5572916666666666 0.10740740740740741 0.5177083333333333 0.1037037037037037 0.4895833333333333 0.07777777777777778
0 0.8479166666666667 0.8833333333333333 0.8635416666666667 0.8870370370370371 0.8833333333333333 0.9148148148148149 0.8885416666666667 0.9629629629629629 0.8822916666666667 0.9944444444444445 0.8802083333333334 1 0.8135416666666667 1 0.809375 0.9407407407407408 0.8125 0.9148148148148149 0.828125 0.8925925925925926
0 0.9072916666666667 0.8777777777777778 0.9427083333333334 0.8870370370370371 0.9645833333333333 0.9185185185185185 0.9708333333333333 0.9592592592592593 0.9604166666666667 0.9907407407407407 0.95 1 0.8802083333333334 1 0.8875 0.9666666666666667 0.8822916666666667 0.9055555555555556 0.8927083333333333 0.8870370370370371
0 0.8083333333333333 0.9 0.8145833333333333 0.9018518518518519 0.8125 0.9407407407407408 0.8177083333333334 1 0.7572916666666667 1 0.7322916666666667 0.9777777777777777 0.7322916666666667 0.9703703703703703 0.7520833333333333 0.937037037037037 0.7895833333333333 0.9074074074074074
0 0.975 0.5037037037037037 1 0.5074074074074074 1 0.6518518518518519 0.959375 0.6574074074074074 0.95 0.6388888888888888 0.953125 0.5333333333333333 0.959375 0.5148148148148148
0 0.9989583333333333 0.6574074074074074 1 0.8277777777777777 0.9770833333333333 0.825925925925926 0.9645833333333333 0.8092592592592592 0.959375 0.7907407407407407 0.959375 0.7296296296296296 0.9708333333333333 0.6833333333333333