0 0.8111111111111111 0.7677083333333333 0.8472222222222222 0.7739583333333333 0.8805555555555555 0.7927083333333333 0.9069444444444444 0.8260416666666667 0.925 0.8614583333333333 0.9277777777777778 0.8958333333333334 0.9208333333333333 0.9375 0.8902777777777777 1 0.8402777777777778 1 0.8208333333333333 0.9927083333333333 0.7666666666666667 0.9416666666666667 0.7402777777777778 0.8989583333333333 0.7361111111111112 0.8604166666666667 0.7513888888888889 0.7958333333333333 0.7708333333333334 0.7802083333333333
0 0.5180555555555556 0.7958333333333333 0.5625 0.8041666666666667 0.6 0.8177083333333334 0.6388888888888888 0.8458333333333333 0.6583333333333333 0.8729166666666667 0.6666666666666666 0.896875 0.6666666666666666 0.9135416666666667 0.6527777777777778 0.9416666666666667 0.6097222222222223 0.95625 0.5902777777777778 0.95625 0.55 0.9427083333333334 0.5166666666666667 0.9166666666666666 0.4777777777777778 0.8625 0.4722222222222222 0.83125 0.4847222222222222 0.8083333333333333
0 0.3541666666666667 0.734375 0.3958333333333333 0.7375 0.4263888888888889 0.7520833333333333 0.4486111111111111 0.7697916666666667 0.4625 0.796875 0.4652777777777778 0.825 0.4583333333333333 0.840625 0.4444444444444444 0.8510416666666667 0.4166666666666667 0.8583333333333333 0.37083333333333335 0.8572916666666667 0.3263888888888889 0.8375 0.3055555555555556 0.81875 0.2986111111111111 0.8 0.3 0.771875 0.3263888888888889 0.74375
0 0.28888888888888886 0.7041666666666667 0.33055555555555555 0.709375 0.3486111111111111 0.7208333333333333 0.35138888888888886 0.7291666666666666 0.30416666666666664 0.771875 0.30277777777777776 0.8208333333333333 0.2916666666666667 0.828125 0.2611111111111111 0.83125 0.23194444444444445 0.8322916666666667 0.20972222222222223 0.828125 0.1875 0.8177083333333334 0.175 0.80625 0.16666666666666666 0.7875 0.17083333333333334 0.7697916666666667 0.24027777777777778 0.71875
0 0.3111111111111111 0.8354166666666667 0.34305555555555556 0.8427083333333333 0.36527777777777776 0.8604166666666667 0.3736111111111111 0.8927083333333333 0.3680555555555556 0.9489583333333333 0.3625 0.9645833333333333 0.33611111111111114 1 0.2791666666666667 1 0.2625 0.9895833333333334 0.24861111111111112 0.9708333333333333 0.24583333333333332 0.9104166666666667 0.275 0.8541666666666666 0.28888888888888886 0.8427083333333333
0 0.45416666666666666 0.8520833333333333 0.4666666666666667 0.8520833333333333 0.4791666666666667 0.8614583333333333 0.525 0.9208333333333333 0.5305555555555556 0.9385416666666667 0.5208333333333334 0.953125 0.5166666666666667 0.975 0.48055555555555557 1 0.4 1 0.3875 0.9864583333333333 0.3736111111111111 0.9510416666666667 0.375 0.903125 0.3888888888888889 0.8802083333333334 0.4027777777777778 0.8697916666666666
0 0.11944444444444445 0.8 0.1527777777777778 0.803125 0.17916666666666667 0.815625 0.19305555555555556 0.8291666666666667 0.20416666666666666 0.8614583333333333 0.20416666666666666 0.8802083333333334 0.18333333333333332 0.9479166666666666 0.1625 0.9604166666666667 0.14722222222222223 0.9625 0.10972222222222222 0.959375 0.08472222222222223 0.95 0.06805555555555555 0.9354166666666667 0.05694444444444444 0.9114583333333334 0.05694444444444444 0.8520833333333333 0.06805555555555555 0.8239583333333333 0.08472222222222223 0.8083333333333333
0 0.4861111111111111 0.6572916666666667 0.5305555555555556 0.6583333333333333 0.5972222222222222 0.68125 0.6097222222222223 0.69375 0.6166666666666667 0.7177083333333333 0.6166666666666667 0.7354166666666667 0.6097222222222223 0.746875 0.5486111111111112 0.7635416666666667 0.5083333333333333 0.7697916666666667 0.4444444444444444 0.7614583333333333 0.42083333333333334 0.75 0.4041666666666667 0.7354166666666667 0.39861111111111114 0.7229166666666667 0.3958333333333333 0.6958333333333333 0.4027777777777778 0.678125 0.41944444444444445 0.665625
0 0.6194444444444445 0.578125 0.6361111111111111 0.5802083333333333 0.6888888888888889 0.61875 0.7097222222222223 0.6458333333333334 0.7125 0.6708333333333333 0.7055555555555556 0.6760416666666667 0.6652777777777777 0.6864583333333333 0.6305555555555555 0.6885416666666667 0.6125 0.6854166666666667 0.5375 0.6604166666666667 0.5041666666666667 0.6364583333333333 0.49166666666666664 0.6208333333333333 0.4861111111111111 0.5947916666666667 0.5055555555555555 0.58125 0.5708333333333333 0.5791666666666667 0.6055555555555555 0.5822916666666667
0 0.7402777777777778 0.6625 0.7611111111111111 0.6625 0.7888888888888889 0.6729166666666667 0.8041666666666667 0.6885416666666667 0.8138888888888889 0.7166666666666667 0.8152777777777778 0.740625 0.8069444444444445 0.7625 0.7916666666666666 0.7760416666666666 0.7625 0.7833333333333333 0.7180555555555556 0.7760416666666666 0.7027777777777777 0.7572916666666667 0.6958333333333333 0.734375 0.6958333333333333 0.7072916666666667 0.7027777777777777 0.6875 0.7236111111111111 0.6677083333333333
0 0.6138888888888889 0.7489583333333333 0.6263888888888889 0.75 0.6458333333333334 0.7635416666666667 0.6958333333333333 0.771875 0.7055555555555556 0.7927083333333333 0.7097222222222223 0.821875 0.7013888888888888 0.8458333333333333 0.6791666666666667 0.8666666666666667 0.6611111111111111 0.8739583333333333 0.6555555555555556 0.8739583333333333 0.6097222222222223 0.8333333333333334 0.5916666666666667 0.8229166666666666 0.5361111111111111 0.8052083333333333 0.49722222222222223 0.7989583333333333 0.4986111111111111 0.784375 0.5111111111111111 0.7708333333333334 0.5555555555555556 0.7552083333333334
0 0.8319444444444445 0.6270833333333333 0.8611111111111112 0.6302083333333334 0.8791666666666667 0.6447916666666667 0.8930555555555556 0.6729166666666667 0.9027777777777778 0.73125 0.8930555555555556 0.7520833333333333 0.8736111111111111 0.7635416666666667 0.85 0.75625 0.8236111111111111 0.7541666666666667 0.8138888888888889 0.7489583333333333 0.8111111111111111 0.71875 0.7847222222222222 0.6708333333333333 0.7833333333333333 0.6572916666666667 0.7916666666666666 0.64375
0 0.28888888888888886 0.53125 0.3472222222222222 0.5375 0.3736111111111111 0.5479166666666667 0.39444444444444443 0.5645833333333333 0.3958333333333333 0.5697916666666667 0.3736111111111111 0.6 0.35694444444444445 0.6135416666666667 0.32083333333333336 0.61875 0.29444444444444445 0.6177083333333333 0.2652777777777778 0.6104166666666667 0.25277777777777777 0.6010416666666667 0.24305555555555555 0.58125 0.24583333333333332 0.55625 0.2625 0.5395833333333333
0 0.25416666666666665 0.609375 0.2763888888888889 0.6104166666666667 0.31666666666666665 0.621875 0.25416666666666665 0.6552083333333333 0.23333333333333334 0.6833333333333333 0.23333333333333334 0.70625 0.24583333333333332 0.7166666666666667 0.225 0.7322916666666667 0.20416666666666666 0.734375 0.1736111111111111 0.71875 0.17222222222222222 0.6958333333333333 0.17777777777777778 0.675 0.2125 0.6260416666666667 0.23055555555555557 0.615625
0 0.15833333333333333 0.7166666666666667 0.175 0.7177083333333333 0.19027777777777777 0.7239583333333334 0.21805555555555556 0.7229166666666667 0.2263888888888889 0.7260416666666667 0.2263888888888889 0.73125 0.17083333333333334 0.7697916666666667 0.16805555555555557 0.7895833333333333 0.18472222222222223 0.815625 0.17777777777777778 0.8145833333333333 0.17222222222222222 0.80625 0.10555555555555556 0.7989583333333333 0.08611111111111111 0.79375 0.08055555555555556 0.7875 0.08333333333333333 0.7697916666666667 0.10138888888888889 0.74375 0.13194444444444445 0.7229166666666667
0 0.35555555555555557 0.6125 0.37222222222222223 0.6145833333333334 0.37916666666666665 0.6322916666666667 0.35138888888888886 0.640625 0.32916666666666666 0.65625 0.31805555555555554 0.6708333333333333 0.31527777777777777 0.6958333333333333 0.25416666666666665 0.715625 0.2375 0.715625 0.22777777777777777 0.70625 0.225 0.69375 0.22777777777777777 0.6833333333333333 0.24166666666666667 0.6708333333333333 0.2777777777777778 0.640625 0.2986111111111111 0.6291666666666667 0.32083333333333336 0.621875 0.3277777777777778 0.6145833333333334
0 0.4388888888888889 0.55625 0.4847222222222222 0.5572916666666666 0.5291666666666667 0.5729166666666666 0.4791666666666667 0.5833333333333334 0.48055555555555557 0.6010416666666667 0.49722222222222223 0.6291666666666667 0.47638888888888886 0.64375 0.42083333333333334 0.63125 0.39166666666666666 0.6302083333333334 0.3736111111111111 0.615625 0.37222222222222223 0.6 0.3888888888888889 0.5760416666666667 0.4041666666666667 0.565625
0 0.5208333333333334 0.4427083333333333 0.5472222222222223 0.44375 0.5402777777777777 0.47708333333333336 0.525 0.49375 0.5097222222222222 0.5020833333333333 0.4652777777777778 0.5125 0.42777777777777776 0.50625 0.41944444444444445 0.49270833333333336 0.42083333333333334 0.48020833333333335 0.44027777777777777 0.46145833333333336 0.48194444444444445 0.4479166666666667
0 0.55 0.48020833333333335 0.5930555555555556 0.48333333333333334 0.6361111111111111 0.4947916666666667 0.6402777777777777 0.5104166666666666 0.6319444444444444 0.5270833333333333 0.6333333333333333 0.5364583333333334 0.5986111111111111 0.54375 0.5763888888888888 0.553125 0.5555555555555556 0.5552083333333333 0.5375 0.5541666666666667 0.5180555555555556 0.5427083333333333 0.5027777777777778 0.5270833333333333 0.5041666666666667 0.5072916666666667
0 0.7027777777777777 0.484375 0.7236111111111111 0.48541666666666666 0.7430555555555556 0.49895833333333334 0.7472222222222222 0.5072916666666667 0.7430555555555556 0.5291666666666667 0.7319444444444444 0.5416666666666666 0.7222222222222222 0.5447916666666667 0.7194444444444444 0.5552083333333333 0.6513888888888889 0.55 0.6375 0.5395833333333333 0.6388888888888888 0.521875 0.6652777777777777 0.49895833333333334
0 0.6847222222222222 0.4427083333333333 0.7055555555555556 0.4427083333333333 0.725 0.4479166666666667 0.7402777777777778 0.459375 0.7444444444444445 0.4708333333333333 0.725 0.48541666666666666 0.6972222222222222 0.48541666666666666 0.6555555555555556 0.5052083333333334 0.6513888888888889 0.5 0.6138888888888889 0.4864583333333333 0.6125 0.48333333333333334 0.6291666666666667 0.47604166666666664 0.6569444444444444 0.4510416666666667
0 0.6097222222222223 0.4125 0.6263888888888889 0.41354166666666664 0.6402777777777777 0.421875 0.6444444444444445 0.45416666666666666 0.6208333333333333 0.47708333333333336 0.6013888888888889 0.48333333333333334 0.5694444444444444 0.48020833333333335 0.5555555555555556 0.471875 0.5486111111111112 0.4552083333333333 0.5527777777777778 0.4375 0.5833333333333334 0.41770833333333335
0 0.4166666666666667 0.5072916666666667 0.4527777777777778 0.5114583333333333 0.48333333333333334 0.5302083333333333 0.4861111111111111 0.540625 0.4736111111111111 0.5572916666666666 0.4375 0.5572916666666666 0.39305555555555555 0.56875 0.375 0.5520833333333334 0.3472222222222222 0.5427083333333333 0.34444444444444444 0.5333333333333333 0.3611111111111111 0.51875 0.38333333333333336 0.5114583333333333
0 0.2361111111111111 0.48125 0.2625 0.48125 0.2763888888888889 0.4875 0.28194444444444444 0.5041666666666667 0.2791666666666667 0.5291666666666667 0.24583333333333332 0.5552083333333333 0.21388888888888888 0.5552083333333333 0.2013888888888889 0.5479166666666667 0.18888888888888888 0.53125 0.19166666666666668 0.509375 0.20694444444444443 0.49270833333333336
0 0.25 0.4354166666666667 0.2652777777777778 0.4354166666666667 0.28194444444444444 0.44583333333333336 0.2833333333333333 0.46041666666666664 0.275 0.475 0.26805555555555555 0.4822916666666667 0.2388888888888889 0.48125 0.21944444444444444 0.48541666666666666 0.19722222222222222 0.49895833333333334 0.18611111111111112 0.5125 0.18194444444444444 0.4895833333333333 0.19027777777777777 0.47291666666666665 0.2152777777777778 0.45
0 0.3416666666666667 0.4125 0.35694444444444445 0.41458333333333336 0.36944444444444446 0.43020833333333336 0.35555555555555557 0.45 0.36527777777777776 0.46979166666666666 0.3472222222222222 0.47708333333333336 0.325 0.478125 0.29583333333333334 0.4635416666666667 0.29305555555555557 0.44895833333333335 0.30416666666666664 0.43020833333333336 0.325 0.4166666666666667
0 0.43333333333333335 0.41770833333333335 0.48055555555555557 0.4239583333333333 0.49027777777777776 0.44166666666666665 0.5 0.44479166666666664 0.44583333333333336 0.459375 0.41944444444444445 0.4791666666666667 0.36944444444444446 0.46770833333333334 0.3541666666666667 0.45729166666666665 0.35694444444444445 0.44375 0.37777777777777777 0.4270833333333333 0.3972222222222222 0.42083333333333334
0 0.4013888888888889 0.340625 0.42916666666666664 0.346875 0.44166666666666665 0.35833333333333334 0.44166666666666665 0.37083333333333335 0.4222222222222222 0.390625 0.4236111111111111 0.41875 0.3972222222222222 0.42083333333333334 0.3680555555555556 0.43125 0.3597222222222222 0.41458333333333336 0.3625 0.3770833333333333 0.37916666666666665 0.3489583333333333
0 0.475 0.3625 0.5319444444444444 0.36666666666666664 0.5416666666666666 0.375 0.5375 0.39166666666666666 0.5208333333333334 0.4010416666666667 0.5111111111111111 0.41354166666666664 0.49722222222222223 0.41770833333333335 0.43472222222222223 0.4166666666666667 0.4222222222222222 0.4 0.4263888888888889 0.38333333333333336 0.44583333333333336 0.3697916666666667
0 0.5555555555555556 0.321875 0.5916666666666667 0.328125 0.6166666666666667 0.3458333333333333 0.6416666666666667 0.37395833333333334 0.6416666666666667 0.3875 0.6361111111111111 0.39375 0.6180555555555556 0.39791666666666664 0.5625 0.3875 0.5305555555555556 0.3645833333333333 0.5236111111111111 0.353125 0.5277777777777778 0.3385416666666667 0.5388888888888889 0.3260416666666667
0 0.45694444444444443 0.2989583333333333 0.5291666666666667 0.30104166666666665 0.5680555555555555 0.3177083333333333 0.5458333333333333 0.325 0.5208333333333334 0.34375 0.4708333333333333 0.34375 0.4305555555555556 0.334375 0.41944444444444445 0.321875 0.41944444444444445 0.31666666666666665 0.4375 0.3020833333333333
0 0.3333333333333333 0.32916666666666666 0.3611111111111111 0.33958333333333335 0.3736111111111111 0.353125 0.3625 0.38229166666666664 0.3597222222222222 0.415625 0.3486111111111111 0.41354166666666664 0.33194444444444443 0.4010416666666667 0.31527777777777777 0.375 0.3138888888888889 0.3416666666666667 0.32083333333333336 0.3333333333333333
0 0.30833333333333335 0.378125 0.3194444444444444 0.3802083333333333 0.32916666666666666 0.396875 0.3486111111111111 0.41354166666666664 0.31805555555555554 0.421875 0.29444444444444445 0.44583333333333336 0.28055555555555556 0.44583333333333336 0.25555555555555554 0.4354166666666667 0.25833333333333336 0.41875 0.2722222222222222 0.39479166666666665 0.2902777777777778 0.38333333333333336
0 0.7041666666666667 0.30833333333333335 0.7263888888888889 0.3125 0.7402777777777778 0.321875 0.7472222222222222 0.334375 0.7486111111111111 0.35520833333333335 0.7236111111111111 0.3770833333333333 0.7069444444444445 0.3729166666666667 0.6958333333333333 0.3645833333333333 0.6583333333333333 0.36041666666666666 0.6486111111111111 0.35520833333333335 0.6486111111111111 0.3416666666666667 0.6597222222222222 0.328125 0.6902777777777778 0.3104166666666667
0 0.5513888888888889 0.3885416666666667 0.5833333333333334 0.38958333333333334 0.5958333333333333 0.39479166666666665 0.6111111111111112 0.41041666666666665 0.5736111111111111 0.42291666666666666 0.5513888888888889 0.44166666666666665 0.5402777777777777 0.4427083333333333 0.5152777777777777 0.43125 0.5111111111111111 0.415625 0.5222222222222223 0.4
0 0.3736111111111111 0.471875 0.41944444444444445 0.4791666666666667 0.4152777777777778 0.5020833333333333 0.3625 0.51875 0.3402777777777778 0.5333333333333333 0.30833333333333335 0.5291666666666667 0.30833333333333335 0.51875 0.3263888888888889 0.49375 0.34305555555555556 0.48020833333333335