0 0.47214076246334313 0.5708061002178649 0.5131964809384164 0.5708061002178649 0.5425219941348973 0.5882352941176471 0.5689149560117303 0.7167755991285403 0.5601173020527859 0.7494553376906318 0.533724340175953 0.7799564270152506 0.49266862170087977 0.7995642701525054 0.44574780058651026 0.8017429193899782 0.39882697947214074 0.7864923747276689 0.3782991202346041 0.7668845315904139 0.36950146627565983 0.673202614379085 0.39589442815249265 0.6056644880174292 0.41935483870967744 0.5882352941176471
0 0.25513196480938416 0.5664488017429193 0.2903225806451613 0.5664488017429193 0.3313782991202346 0.579520697167756 0.3782991202346041 0.6296296296296297 0.36950146627565983 0.7342047930283224 0.35777126099706746 0.7429193899782135 0.2873900293255132 0.7407407407407407 0.25513196480938416 0.7298474945533769 0.187683284457478 0.673202614379085 0.18181818181818182 0.6100217864923747 0.21114369501466276 0.579520697167756
0 0.4662756598240469 0.4422657952069717 0.5190615835777126 0.4422657952069717 0.5483870967741935 0.4531590413943355 0.5513196480938416 0.48366013071895425 0.5366568914956011 0.5119825708061002 0.5073313782991202 0.5468409586056645 0.4662756598240469 0.5729847494553377 0.40762463343108507 0.5904139433551199 0.35777126099706746 0.5860566448801743 0.3225806451612903 0.5446623093681917 0.3313782991202346 0.5032679738562091 0.3841642228739003 0.46187363834422657
0 0.7800586510263929 0.5424836601307189 0.8123167155425219 0.5490196078431373 0.8592375366568915 0.5816993464052288 0.8826979472140762 0.6230936819172114 0.8856304985337243 0.6840958605664488 0.8269794721407625 0.7167755991285403 0.7419354838709677 0.7276688453159041 0.7126099706744868 0.673202614379085 0.7126099706744868 0.6230936819172114 0.750733137829912 0.5533769063180828
0 0.5806451612903226 0.5032679738562091 0.6480938416422287 0.5119825708061002 0.7067448680351907 0.5490196078431373 0.7214076246334311 0.5947712418300654 0.6950146627565983 0.644880174291939 0.624633431085044 0.6339869281045751 0.5601173020527859 0.6122004357298475 0.5366568914956011 0.5773420479302832 0.5190615835777126 0.5686274509803921 0.5161290322580645 0.5490196078431373 0.530791788856305 0.5294117647058824
0 0.624633431085044 0.4095860566448802 0.6979472140762464 0.4095860566448802 0.7741935483870968 0.4335511982570806 0.8064516129032258 0.477124183006536 0.7917888563049853 0.5250544662309368 0.7595307917888563 0.5403050108932462 0.7096774193548387 0.5424836601307189 0.6099706744868035 0.5010893246187363 0.5747800586510264 0.46187363834422657 0.5747800586510264 0.4422657952069717 0.592375366568915 0.4226579520697168
0 0.6422287390029325 0.6361655773420479 0.6715542521994134 0.6405228758169934 0.7038123167155426 0.6623093681917211 0.7302052785923754 0.7080610021786492 0.7302052785923754 0.7320261437908496 0.5689149560117303 0.7952069716775599 0.5571847507331378 0.7559912854030502 0.5777126099706745 0.664488017429194 0.6070381231671554 0.6405228758169934
0 0.15835777126099707 0.6710239651416122 0.20527859237536658 0.6862745098039216 0.26099706744868034 0.7450980392156863 0.28152492668621704 0.803921568627451 0.2697947214076246 0.840958605664488 0.16422287390029325 0.8169934640522876 0.13196480938416422 0.7952069716775599 0.1378299120234604 0.6949891067538126 0.1436950146627566 0.6775599128540305
0 0.3020527859237537 0.28540305010893247 0.36950146627565983 0.2962962962962963 0.41055718475073316 0.3202614379084967 0.4604105571847507 0.4139433551198257 0.45454545454545453 0.4444444444444444 0.3519061583577713 0.47058823529411764 0.31671554252199413 0.4596949891067538 0.25806451612903225 0.41830065359477125 0.22287390029325513 0.3638344226579521 0.21994134897360704 0.3311546840958606 0.25219941348973607 0.2962962962962963
0 0.8973607038123167 0.4074074074074074 0.9413489736070382 0.4139433551198257 0.9501466275659824 0.5555555555555556 0.9178885630498533 0.5773420479302832 0.8563049853372434 0.5816993464052288 0.8035190615835777 0.5446623093681917 0.8005865102639296 0.5098039215686274 0.8123167155425219 0.4662309368191721 0.8328445747800587 0.43790849673202614 0.8651026392961877 0.41612200435729846
0 0.25219941348973607 0.41830065359477125 0.3313782991202346 0.4596949891067538 0.3489736070381232 0.47276688453159044 0.3489736070381232 0.485838779956427 0.3255131964809384 0.5228758169934641 0.3196480938416422 0.5686274509803921 0.20234604105571846 0.5773420479302832 0.18181818181818182 0.5490196078431373 0.18181818181818182 0.4923747276688453 0.21994134897360704 0.42701525054466233
0 0.11143695014662756 0.3289760348583878 0.14076246334310852 0.3333333333333333 0.17888563049853373 0.35947712418300654 0.20821114369501467 0.40305010893246185 0.21114369501466276 0.4531590413943355 0.19648093841642228 0.477124183006536 0.17008797653958943 0.49019607843137253 0.12316715542521994 0.49019607843137253 0.11436950146627566 0.4793028322440087 0.09090909090909091 0.3769063180827887 0.09090909090909091 0.33986928104575165
0 0.530791788856305 0.3093681917211329 0.592375366568915 0.3159041394335512 0.6129032258064516 0.3442265795206972 0.6099706744868035 0.39433551198257083 0.5835777126099707 0.42483660130718953 0.5542521994134897 0.43790849673202614 0.4838709677419355 0.43137254901960786 0.45454545454545453 0.3899782135076253 0.45454545454545453 0.3660130718954248 0.47214076246334313 0.33769063180827885
0 0.4398826979472141 0.2047930283224401 0.5043988269794721 0.22004357298474944 0.533724340175953 0.25272331154684097 0.530791788856305 0.29193899782135074 0.4897360703812317 0.3202614379084967 0.4310850439882698 0.3333333333333333 0.3724340175953079 0.2962962962962963 0.2932551319648094 0.27450980392156865 0.3020527859237537 0.25272331154684097
0 0.5190615835777126 0.1328976034858388 0.5425219941348973 0.13725490196078433 0.624633431085044 0.19389978213507625 0.7038123167155426 0.26143790849673204 0.7126099706744868 0.28540305010893247 0.6862170087976539 0.3115468409586057 0.6187683284457478 0.3137254901960784 0.5777126099706745 0.2984749455337691 0.5366568914956011 0.2701525054466231 0.5073313782991202 0.22875816993464052 0.4604105571847507 0.20697167755991286 0.4574780058651026 0.18736383442265794