0 0.2119205298013245 0.054187192118226604 0.37748344370860926 0.07389162561576355 0.423841059602649 0.09852216748768473 0.423841059602649 0.12315270935960591 0.3841059602649007 0.1625615763546798 0.2913907284768212 0.12315270935960591 0.1390728476821192 0.12807881773399016 0.12582781456953643 0.07881773399014778
0 0.17218543046357615 0.11822660098522167 0.304635761589404 0.12315270935960591 0.3576158940397351 0.1477832512315271 0.3708609271523179 0.1921182266009852 0.3509933774834437 0.21182266009852216 0.26490066225165565 0.18719211822660098 0.059602649006622516 0.2019704433497537 0.059602649006622516 0.1625615763546798
0 0.2185430463576159 0.17733990147783252 0.36423841059602646 0.21182266009852216 0.37748344370860926 0.2561576354679803 0.3443708609271523 0.3054187192118227 0.2980132450331126 0.3054187192118227 0.1986754966887417 0.26108374384236455 0.046357615894039736 0.270935960591133 0.026490066225165563 0.2561576354679803 0.026490066225165563 0.22660098522167488 0.0728476821192053 0.19704433497536947
0 0.11258278145695365 0.26108374384236455 0.2251655629139073 0.26108374384236455 0.304635761589404 0.30049261083743845 0.31788079470198677 0.3448275862068966 0.2781456953642384 0.39901477832512317 0.16556291390728478 0.35960591133004927 0 0.37438423645320196 0 0.30049261083743845
0 0.09933774834437085 0.35467980295566504 0.19205298013245034 0.35960591133004927 0.2781456953642384 0.4039408866995074 0.304635761589404 0.45320197044334976 0.2781456953642384 0.5221674876847291 0.1456953642384106 0.4975369458128079 0 0.5123152709359606 0 0.37438423645320196
0 0.059602649006622516 0.4975369458128079 0.2185430463576159 0.5024630541871922 0.2980132450331126 0.5369458128078818 0.32450331125827814 0.6206896551724138 0.271523178807947 0.6798029556650246 0.19205298013245034 0.7142857142857143 0 0.7241379310344828 0 0.5123152709359606
0 0.0728476821192053 0.7093596059113301 0.23178807947019867 0.7241379310344828 0.304635761589404 0.7881773399014779 0.304635761589404 0.8817733990147784 0.2781456953642384 0.9261083743842364 0.1456953642384106 1 0 1 0 0.7192118226600985
0 0.5099337748344371 0.11330049261083744 0.5827814569536424 0.11822660098522167 0.6291390728476821 0.14285714285714285 0.609271523178808 0.2315270935960591 0.4900662251655629 0.18719211822660098 0.3841059602649007 0.1921182266009852 0.3841059602649007 0.15270935960591134 0.4105960264900662 0.1330049261083744
0 0.4370860927152318 0.18226600985221675 0.5496688741721855 0.19704433497536947 0.6026490066225165 0.2315270935960591 0.609271523178808 0.26108374384236455 0.40397350993377484 0.2857142857142857 0.3576158940397351 0.20689655172413793
0 0.5033112582781457 0.2660098522167488 0.5894039735099338 0.2660098522167488 0.6622516556291391 0.29064039408866993 0.7019867549668874 0.3448275862068966 0.6887417218543046 0.39901477832512317 0.5099337748344371 0.3793103448275862 0.3841059602649007 0.4039408866995074 0.33112582781456956 0.35467980295566504 0.33112582781456956 0.31527093596059114
0 0.5231788079470199 0.37438423645320196 0.6357615894039735 0.3842364532019704 0.7086092715231788 0.42857142857142855 0.7019867549668874 0.5123152709359606 0.543046357615894 0.5221674876847291 0.4304635761589404 0.5517241379310345 0.3443708609271523 0.5320197044334976 0.304635761589404 0.4975369458128079 0.304635761589404 0.4482758620689655
0 0.5629139072847682 0.5172413793103449 0.6821192052980133 0.5221674876847291 0.7483443708609272 0.5665024630541872 0.7615894039735099 0.6354679802955665 0.7218543046357616 0.6995073891625616 0.6688741721854304 0.729064039408867 0.4966887417218543 0.7438423645320197 0.2980132450331126 0.7241379310344828 0.2847682119205298 0.6798029556650246 0.33774834437086093 0.6009852216748769 0.41721854304635764 0.5517241379310345
0 0.5827814569536424 0.7241379310344828 0.7019867549668874 0.729064039408867 0.8145695364238411 0.7881773399014779 0.8609271523178808 0.8817733990147784 0.8145695364238411 0.9507389162561576 0.6357615894039735 0.9901477832512315 0.48344370860927155 0.9852216748768473 0.33112582781456956 0.9064039408866995 0.304635761589404 0.8472906403940886 0.32450331125827814 0.7832512315270936
0 0.9139072847682119 0.6403940886699507 1 0.6403940886699507 1 0.8719211822660099 0.847682119205298 0.8522167487684729 0.8013245033112583 0.7881773399014779 0.6887417218543046 0.729064039408867 0.7350993377483444 0.6748768472906403
0 0.9403973509933775 0.4187192118226601 1 0.4187192118226601 1 0.6108374384236454 0.8807947019867549 0.645320197044335 0.7615894039735099 0.6354679802955665 0.7350993377483444 0.5615763546798029 0.7615894039735099 0.5172413793103449 0.8344370860927153 0.45320197044334976
0 0.8278145695364238 0.29064039408866993 0.9205298013245033 0.2955665024630542 0.9602649006622517 0.3251231527093596 0.9403973509933775 0.4187192118226601 0.7880794701986755 0.49261083743842365 0.7019867549668874 0.5073891625615764 0.6887417218543046 0.39408866995073893 0.7284768211920529 0.3399014778325123
0 0.7019867549668874 0.22167487684729065 0.8741721854304636 0.23645320197044334 0.9139072847682119 0.2955665024630542 0.8013245033112583 0.30049261083743845 0.7019867549668874 0.3694581280788177 0.6887417218543046 0.31527093596059114 0.6158940397350994 0.270935960591133 0.6291390728476821 0.24630541871921183
0 0.7615894039735099 0.08374384236453201 0.9139072847682119 0.10837438423645321 0.9205298013245033 0.15270935960591134 0.8410596026490066 0.2315270935960591 0.7218543046357616 0.22167487684729065 0.6357615894039735 0.23645320197044334 0.6291390728476821 0.15270935960591134