0 0.3402777777777778 0.44921875 0.38055555555555554 0.45078125 0.4111111111111111 0.4609375 0.425 0.4703125 0.42916666666666664 0.48203125 0.4263888888888889 0.4953125 0.39861111111111114 0.51796875 0.37222222222222223 0.55859375 0.34444444444444444 0.57421875 0.30694444444444446 0.58828125 0.2611111111111111 0.59609375 0.21666666666666667 0.59453125 0.19166666666666668 0.58359375 0.18333333333333332 0.56953125 0.18611111111111112 0.54140625 0.2125 0.503125 0.24027777777777778 0.48125 0.26666666666666666 0.46796875 0.31527777777777777 0.453125
0 0.44583333333333336 0.46015625 0.47638888888888886 0.46171875 0.5125 0.47578125 0.5347222222222222 0.4984375 0.5430555555555555 0.52109375 0.5402777777777777 0.5453125 0.5263888888888889 0.5703125 0.49722222222222223 0.5953125 0.4722222222222222 0.603125 0.4263888888888889 0.6 0.39861111111111114 0.58515625 0.38333333333333336 0.56015625 0.39166666666666666 0.5265625 0.425 0.49296875 0.4236111111111111 0.46796875
0 0.5222222222222223 0.4 0.55 0.4 0.5875 0.40703125 0.6069444444444444 0.41328125 0.6305555555555555 0.428125 0.6458333333333334 0.446875 0.6486111111111111 0.471875 0.6402777777777777 0.48671875 0.6263888888888889 0.49453125 0.6055555555555555 0.4953125 0.5333333333333333 0.48671875 0.49166666666666664 0.46328125 0.47638888888888886 0.44375 0.47638888888888886 0.41796875 0.49444444444444446 0.40546875
0 0.6888888888888889 0.43671875 0.7097222222222223 0.43671875 0.7361111111111112 0.4421875 0.7583333333333333 0.45234375 0.7791666666666667 0.46953125 0.7875 0.48671875 0.7902777777777777 0.5109375 0.7833333333333333 0.521875 0.7541666666666667 0.53671875 0.7222222222222222 0.5390625 0.6819444444444445 0.534375 0.6402777777777777 0.49921875 0.6375 0.49296875 0.6486111111111111 0.471875 0.65 0.45234375 0.6666666666666666 0.44140625
0 0.55 0.48828125 0.5888888888888889 0.48984375 0.6347222222222222 0.4984375 0.6625 0.5140625 0.6777777777777778 0.528125 0.6861111111111111 0.54921875 0.6833333333333333 0.57109375 0.6625 0.59453125 0.6444444444444445 0.60234375 0.6041666666666666 0.60234375 0.5569444444444445 0.575 0.5388888888888889 0.56953125 0.5416666666666666 0.51328125 0.5361111111111111 0.4921875
0 0.4444444444444444 0.5984375 0.48055555555555557 0.603125 0.49027777777777776 0.6078125 0.5083333333333333 0.62734375 0.5152777777777777 0.64140625 0.5138888888888888 0.6515625 0.5208333333333334 0.6546875 0.5097222222222222 0.65625 0.5027777777777778 0.6765625 0.44166666666666665 0.72265625 0.37916666666666665 0.7390625 0.35555555555555557 0.73828125 0.33055555555555555 0.72734375 0.32222222222222224 0.71796875 0.3194444444444444 0.68359375 0.325 0.66796875 0.35555555555555557 0.64140625
0 0.3541666666666667 0.56796875 0.3680555555555556 0.56796875 0.375 0.57265625 0.3861111111111111 0.58984375 0.3861111111111111 0.60234375 0.3736111111111111 0.6265625 0.3527777777777778 0.64609375 0.31666666666666665 0.6734375 0.2847222222222222 0.6875 0.23333333333333334 0.70078125 0.18472222222222223 0.7 0.16944444444444445 0.6890625 0.15555555555555556 0.659375 0.16111111111111112 0.634375 0.17777777777777778 0.61484375 0.2152777777777778 0.59296875 0.29444444444444445 0.5875
0 0.10694444444444444 0.6546875 0.12638888888888888 0.65546875 0.14027777777777778 0.66015625 0.1597222222222222 0.6875 0.19583333333333333 0.71484375 0.20972222222222223 0.73671875 0.2125 0.75703125 0.20416666666666666 0.77265625 0.19027777777777777 0.7859375 0.1527777777777778 0.80234375 0.11527777777777778 0.79921875 0.07222222222222222 0.78515625 0.03888888888888889 0.76171875 0.022222222222222223 0.734375 0.019444444444444445 0.70546875 0.03611111111111111 0.67734375 0.0625 0.66171875 0.08333333333333333 0.65625
0 0.33611111111111114 0.17265625 0.375 0.17421875 0.4111111111111111 0.18359375 0.43472222222222223 0.19453125 0.45 0.2140625 0.4513888888888889 0.2390625 0.44166666666666665 0.24765625 0.3972222222222222 0.26015625 0.3680555555555556 0.27578125 0.30833333333333335 0.27734375 0.28055555555555556 0.27265625 0.23333333333333334 0.25703125 0.21388888888888888 0.2421875 0.2111111111111111 0.22578125 0.225 0.2046875 0.25972222222222224 0.18828125
0 0.3277777777777778 0.0578125 0.3541666666666667 0.059375 0.39444444444444443 0.06953125 0.42083333333333334 0.084375 0.45 0.1125 0.4625 0.13984375 0.4625 0.159375 0.45 0.18046875 0.43472222222222223 0.1875 0.37916666666666665 0.18125 0.3333333333333333 0.1703125 0.3236111111111111 0.1625 0.2777777777777778 0.08671875 0.29583333333333334 0.06484375 0.30694444444444446 0.06015625
0 0.22083333333333333 0.090625 0.25416666666666665 0.09140625 0.2847222222222222 0.1015625 0.30833333333333335 0.1359375 0.3194444444444444 0.1640625 0.2986111111111111 0.18125 0.26805555555555555 0.18671875 0.2569444444444444 0.19375 0.21388888888888888 0.2078125 0.1986111111111111 0.19375 0.19583333333333333 0.16171875 0.18055555555555555 0.13515625 0.17222222222222222 0.12890625 0.16666666666666666 0.1125 0.1763888888888889 0.1109375 0.19166666666666668 0.09765625
0 0.1111111111111111 0.1046875 0.1361111111111111 0.1078125 0.16944444444444445 0.12421875 0.18333333333333332 0.1359375 0.19722222222222222 0.16171875 0.19583333333333333 0.19375 0.18194444444444444 0.2171875 0.15694444444444444 0.23359375 0.12916666666666668 0.2375 0.1125 0.2359375 0.10277777777777777 0.22890625 0.041666666666666664 0.16796875 0.022222222222222223 0.14140625 0.02361111111111111 0.128125 0.030555555555555555 0.1234375 0.07222222222222222 0.11015625
0 0.5013888888888889 0.071875 0.5319444444444444 0.071875 0.5666666666666667 0.08203125 0.5791666666666667 0.090625 0.5944444444444444 0.11171875 0.5972222222222222 0.15078125 0.5597222222222222 0.178125 0.5152777777777777 0.1734375 0.4722222222222222 0.15625 0.4625 0.14453125 0.44166666666666665 0.1 0.4791666666666667 0.0765625
0 0.6319444444444444 0.76171875 0.6375 0.76171875 0.6513888888888889 0.77265625 0.6583333333333333 0.796875 0.6486111111111111 0.8171875 0.6291666666666667 0.8328125 0.6055555555555555 0.83984375 0.5902777777777778 0.83984375 0.575 0.83203125 0.5388888888888889 0.82578125 0.525 0.815625 0.5097222222222222 0.81015625 0.5402777777777777 0.8015625 0.5652777777777778 0.78515625
0 0.5388888888888889 0.84375 0.5402777777777777 0.85625 0.5597222222222222 0.86875 0.5666666666666667 0.8796875 0.5694444444444444 0.90546875 0.5611111111111111 0.9234375 0.5472222222222223 0.93671875 0.5305555555555556 0.94453125 0.5083333333333333 0.94609375 0.45416666666666666 0.9140625 0.45416666666666666 0.87890625 0.4486111111111111 0.86875 0.4791666666666667 0.865625 0.4847222222222222 0.8625 0.5291666666666667 0.8625 0.5347222222222222 0.85703125 0.5277777777777778 0.85
0 0.3888888888888889 0.85625 0.40555555555555556 0.85703125 0.4444444444444444 0.86796875 0.45416666666666666 0.8796875 0.4527777777777778 0.91953125 0.44305555555555554 0.934375 0.4263888888888889 0.94296875 0.40694444444444444 0.940625 0.39305555555555555 0.93515625 0.3472222222222222 0.87109375 0.35 0.865625
0 0.5055555555555555 0.809375 0.5194444444444445 0.8125 0.5319444444444444 0.8203125 0.5430555555555555 0.834375 0.5430555555555555 0.8515625 0.5319444444444444 0.8625 0.44305555555555554 0.86796875 0.4236111111111111 0.8640625 0.4 0.85390625 0.3972222222222222 0.84921875 0.40555555555555556 0.84453125