0 0.8666666666666667 0.6981481481481482 0.8930555555555556 0.7037037037037037 0.9236111111111112 0.6981481481481482 0.9375 0.7074074074074074 0.9666666666666667 0.7481481481481481 0.9791666666666666 0.7814814814814814 0.9805555555555555 0.8314814814814815 0.9680555555555556 0.8703703703703703 0.9416666666666667 0.9259259259259259 0.9208333333333333 0.9407407407407408 0.8916666666666667 0.9388888888888889 0.8680555555555556 0.9259259259259259 0.8430555555555556 0.9 0.8277777777777777 0.8666666666666667 0.8222222222222222 0.7962962962962963 0.8291666666666667 0.7462962962962963 0.8472222222222222 0.7055555555555556
0 0.7930555555555555 0.6111111111111112 0.8152777777777778 0.6129629629629629 0.8291666666666667 0.6370370370370371 0.8402777777777778 0.6814814814814815 0.8388888888888889 0.7166666666666667 0.8166666666666667 0.8166666666666667 0.7986111111111112 0.8425925925925926 0.7666666666666667 0.8537037037037037 0.75 0.8388888888888889 0.7375 0.8018518518518518 0.7291666666666666 0.7481481481481481 0.7305555555555555 0.6925925925925925 0.7430555555555556 0.6462962962962963 0.7527777777777778 0.6296296296296297
0 0.6625 0.6111111111111112 0.6986111111111111 0.6129629629629629 0.7152777777777778 0.6407407407407407 0.7291666666666666 0.6814814814814815 0.7263888888888889 0.7592592592592593 0.7125 0.7925925925925926 0.6944444444444444 0.8055555555555556 0.6777777777777778 0.8018518518518518 0.6625 0.7870370370370371 0.6347222222222222 0.7092592592592593 0.6347222222222222 0.6703703703703704 0.6430555555555556 0.6314814814814815 0.6527777777777778 0.6148148148148148
0 0.6180555555555556 0.587037037037037 0.6305555555555555 0.5888888888888889 0.6458333333333334 0.6074074074074074 0.6333333333333333 0.7055555555555556 0.6 0.7388888888888889 0.5652777777777778 0.7481481481481481 0.5513888888888889 0.7333333333333333 0.5430555555555555 0.7037037037037037 0.5486111111111112 0.6555555555555556 0.575 0.6092592592592593
0 0.5291666666666667 0.5833333333333334 0.5388888888888889 0.5833333333333334 0.5486111111111112 0.5981481481481481 0.5763888888888888 0.6092592592592593 0.5597222222222222 0.6296296296296297 0.5333333333333333 0.7092592592592593 0.5083333333333333 0.7296296296296296 0.48055555555555557 0.725925925925926 0.4652777777777778 0.6962962962962963 0.4652777777777778 0.6518518518518519 0.4888888888888889 0.6055555555555555
0 0.7611111111111111 0.2962962962962963 0.7888888888888889 0.3 0.8194444444444444 0.337037037037037 0.8277777777777777 0.3592592592592593 0.8305555555555556 0.3907407407407407 0.8444444444444444 0.37407407407407406 0.8402777777777778 0.4074074074074074 0.8152777777777778 0.4740740740740741 0.7625 0.4722222222222222 0.7291666666666666 0.4351851851851852 0.7222222222222222 0.37777777777777777 0.7263888888888889 0.3333333333333333 0.7375 0.3074074074074074
0 0.8680555555555556 0.3611111111111111 0.8902777777777777 0.362962962962963 0.9055555555555556 0.37777777777777777 0.9208333333333333 0.4203703703703704 0.9263888888888889 0.46296296296296297 0.9166666666666666 0.5259259259259259 0.9041666666666667 0.5444444444444444 0.875 0.5611111111111111 0.8555555555555555 0.5555555555555556 0.8375 0.5388888888888889 0.8263888888888888 0.5185185185185185 0.8152777777777778 0.4703703703703704 0.8263888888888888 0.3962962962962963 0.8388888888888889 0.37962962962962965
0 0.8888888888888888 0.5425925925925926 0.8986111111111111 0.5444444444444444 0.9166666666666666 0.5666666666666667 0.9375 0.6259259259259259 0.9319444444444445 0.6777777777777778 0.9055555555555556 0.7018518518518518 0.8833333333333333 0.7 0.8527777777777777 0.6759259259259259 0.825 0.6203703703703703 0.8277777777777777 0.5777777777777777 0.8416666666666667 0.5481481481481482 0.8513888888888889 0.5444444444444444 0.8708333333333333 0.5537037037037037
0 0.7680555555555556 0.4740740740740741 0.8111111111111111 0.4759259259259259 0.8236111111111111 0.5018518518518519 0.825 0.5481481481481482 0.8194444444444444 0.575925925925926 0.7986111111111112 0.6074074074074074 0.7611111111111111 0.6185185185185185 0.7416666666666667 0.6055555555555555 0.7347222222222223 0.5925925925925926 0.7291666666666666 0.5481481481481482 0.7416666666666667 0.5037037037037037
0 0.6958333333333333 0.48703703703703705 0.7111111111111111 0.48703703703703705 0.7277777777777777 0.5074074074074074 0.7319444444444444 0.5333333333333333 0.7263888888888889 0.5592592592592592 0.7152777777777778 0.587037037037037 0.7 0.6055555555555555 0.6555555555555556 0.6111111111111112 0.6347222222222222 0.5888888888888889 0.6319444444444444 0.5574074074074075 0.6375 0.5351851851851852 0.6625 0.5
0 0.6888888888888889 0.34074074074074073 0.7125 0.34814814814814815 0.7263888888888889 0.362962962962963 0.7305555555555555 0.43333333333333335 0.7097222222222223 0.48148148148148145 0.6694444444444444 0.5 0.6555555555555556 0.4888888888888889 0.6402777777777777 0.46111111111111114 0.6375 0.4203703703703704 0.6527777777777778 0.3648148148148148 0.6652777777777777 0.35
0 0.6180555555555556 0.28888888888888886 0.6597222222222222 0.3 0.6847222222222222 0.3277777777777778 0.6847222222222222 0.3388888888888889 0.6569444444444444 0.36666666666666664 0.6305555555555555 0.4537037037037037 0.5805555555555556 0.4685185185185185 0.5652777777777778 0.4537037037037037 0.5611111111111111 0.43703703703703706 0.5625 0.36666666666666664 0.5902777777777778 0.3148148148148148
0 0.6152777777777778 0.45740740740740743 0.6444444444444445 0.46296296296296297 0.6625 0.49444444444444446 0.6444444444444445 0.5222222222222223 0.6333333333333333 0.5722222222222222 0.6208333333333333 0.587037037037037 0.5902777777777778 0.6 0.55 0.5981481481481481 0.5444444444444444 0.5888888888888889 0.5444444444444444 0.5481481481481482 0.5597222222222222 0.5055555555555555 0.5833333333333334 0.4740740740740741
0 0.9 0.016666666666666666 0.9236111111111112 0.016666666666666666 0.9472222222222222 0.040740740740740744 0.9555555555555556 0.06296296296296296 0.9541666666666667 0.10740740740740741 0.9444444444444444 0.14074074074074075 0.9222222222222223 0.17592592592592593 0.8930555555555556 0.1962962962962963 0.8666666666666667 0.1962962962962963 0.8444444444444444 0.1685185185185185 0.8402777777777778 0.11666666666666667 0.8472222222222222 0.08518518518518518 0.8652777777777778 0.046296296296296294 0.8847222222222222 0.024074074074074074
0 0.9555555555555556 0.6018518518518519 0.975 0.6055555555555555 1 0.6222222222222222 1 0.7777777777777778 0.9736111111111111 0.7722222222222223 0.9527777777777777 0.7314814814814815 0.9194444444444444 0.6962962962962963 0.9319444444444445 0.6722222222222223 0.9333333333333333 0.6074074074074074
0 0.5458333333333333 0.45555555555555555 0.5611111111111111 0.45925925925925926 0.575 0.48333333333333334 0.55 0.5314814814814814 0.5430555555555555 0.5833333333333334 0.4875 0.6018518518518519 0.46805555555555556 0.5925925925925926 0.4625 0.5796296296296296 0.4625 0.5518518518518518 0.4791666666666667 0.5055555555555555 0.5111111111111111 0.4703703703703704
0 0.4444444444444444 0.5685185185185185 0.4583333333333333 0.5685185185185185 0.4875 0.6092592592592593 0.4777777777777778 0.6222222222222222 0.4638888888888889 0.6648148148148149 0.4444444444444444 0.6907407407407408 0.4166666666666667 0.7 0.4013888888888889 0.6851851851851852 0.3958333333333333 0.6703703703703704 0.3958333333333333 0.6333333333333333 0.4125 0.5925925925925926 0.4236111111111111 0.5777777777777777
0 0.4777777777777778 0.42407407407407405 0.5041666666666667 0.4722222222222222 0.4736111111111111 0.5166666666666667 0.46111111111111114 0.5592592592592592 0.44166666666666665 0.5685185185185185 0.41944444444444445 0.5388888888888889 0.41805555555555557 0.5018518518518519 0.42777777777777776 0.4740740740740741 0.44583333333333336 0.44814814814814813 0.4666666666666667 0.42592592592592593
0 0.34444444444444444 0.8462962962962963 0.35833333333333334 0.8481481481481481 0.38055555555555554 0.8703703703703703 0.3527777777777778 0.9555555555555556 0.30972222222222223 1 0.28055555555555556 0.9944444444444445 0.2777777777777778 0.9555555555555556 0.28888888888888886 0.9055555555555556 0.3138888888888889 0.8685185185185185
0 0.3902777777777778 0.8685185185185185 0.39861111111111114 0.8722222222222222 0.4041666666666667 0.8944444444444445 0.4236111111111111 0.9018518518518519 0.4236111111111111 0.9388888888888889 0.4111111111111111 0.9944444444444445 0.4083333333333333 1 0.3486111111111111 1 0.35138888888888886 0.9629629629629629 0.36666666666666664 0.9111111111111111 0.37916666666666665 0.8796296296296297
0 0.4791666666666667 0.8759259259259259 0.4861111111111111 0.8814814814814815 0.49027777777777776 0.9166666666666666 0.5027777777777778 0.9314814814814815 0.5027777777777778 0.9481481481481482 0.4736111111111111 1 0.4125 1 0.41388888888888886 0.9777777777777777 0.43194444444444446 0.9222222222222223 0.4527777777777778 0.8944444444444445
0 0.5208333333333334 0.7925925925925926 0.575 0.8148148148148148 0.5805555555555556 0.8518518518518519 0.5736111111111111 0.8796296296296297 0.5444444444444444 0.9148148148148149 0.525 0.9277777777777778 0.5013888888888889 0.9296296296296296 0.4861111111111111 0.9055555555555556 0.4847222222222222 0.8611111111111112 0.4930555555555556 0.8314814814814815
0 0.4527777777777778 0.7685185185185185 0.47638888888888886 0.7685185185185185 0.4930555555555556 0.7796296296296297 0.4986111111111111 0.8148148148148148 0.4875 0.8537037037037037 0.4777777777777778 0.8722222222222222 0.4444444444444444 0.8962962962962963 0.4111111111111111 0.8962962962962963 0.39305555555555555 0.8666666666666667 0.39444444444444443 0.8388888888888889 0.4166666666666667 0.7981481481481482
0 0.5527777777777778 0.912962962962963 0.5763888888888888 0.9222222222222223 0.5875 0.9444444444444444 0.5888888888888889 0.9703703703703703 0.5777777777777777 1 0.47638888888888886 1 0.4861111111111111 0.975925925925926 0.5125 0.9388888888888889
0 0.29583333333333334 0.8074074074074075 0.3125 0.8092592592592592 0.33055555555555555 0.8240740740740741 0.33611111111111114 0.8462962962962963 0.29305555555555557 0.8944444444444445 0.2763888888888889 0.9537037037037037 0.2569444444444444 0.9666666666666667 0.24166666666666667 0.9648148148148148 0.23333333333333334 0.9425925925925925 0.2388888888888889 0.8925925925925926 0.2638888888888889 0.8425925925925926
0 0.37777777777777777 0.7222222222222222 0.4083333333333333 0.7296296296296296 0.43472222222222223 0.7481481481481481 0.42916666666666664 0.7870370370370371 0.4083333333333333 0.8111111111111111 0.3875 0.8611111111111112 0.3486111111111111 0.85 0.3388888888888889 0.8388888888888889 0.35138888888888886 0.7722222222222223 0.36527777777777776 0.737037037037037
0 0.325 0.6925925925925925 0.35833333333333334 0.7055555555555556 0.375 0.7203703703703703 0.3611111111111111 0.7444444444444445 0.3416666666666667 0.8111111111111111 0.3333333333333333 0.8148148148148148 0.30416666666666664 0.8092592592592592 0.2972222222222222 0.7981481481481482 0.3 0.7444444444444445 0.31527777777777777 0.7
0 0.25972222222222224 0.7888888888888889 0.2861111111111111 0.7907407407407407 0.2916666666666667 0.7962962962962963 0.2916666666666667 0.8092592592592592 0.25555555555555554 0.8592592592592593 0.2263888888888889 0.924074074074074 0.2 0.9277777777777778 0.19166666666666668 0.9055555555555556 0.19722222222222222 0.8685185185185185 0.22777777777777777 0.8148148148148148
0 0.20694444444444443 0.7574074074074074 0.21388888888888888 0.7592592592592593 0.21944444444444444 0.7814814814814814 0.24027777777777778 0.7888888888888889 0.24027777777777778 0.7944444444444444 0.19583333333333333 0.8703703703703703 0.18055555555555555 0.8777777777777778 0.15694444444444444 0.8759259259259259 0.1527777777777778 0.8537037037037037 0.1625 0.8111111111111111 0.19027777777777777 0.7703703703703704
0 0.14027777777777778 0.8611111111111112 0.15416666666666667 0.8629629629629629 0.175 0.8907407407407407 0.14444444444444443 0.9611111111111111 0.125 0.9648148148148148 0.10833333333333334 0.9481481481481482 0.10694444444444444 0.9314814814814815 0.125 0.8833333333333333
0 0.16944444444444445 0.7129629629629629 0.1763888888888889 0.7129629629629629 0.18055555555555555 0.7462962962962963 0.19722222222222222 0.762962962962963 0.16666666666666666 0.8018518518518518 0.1527777777777778 0.8407407407407408 0.12916666666666668 0.8462962962962963 0.11666666666666667 0.8222222222222222 0.12222222222222222 0.7777777777777778 0.14444444444444443 0.737037037037037
0 0.5402777777777777 0.32222222222222224 0.5597222222222222 0.32592592592592595 0.575 0.34074074074074073 0.5611111111111111 0.3814814814814815 0.5583333333333333 0.43703703703703706 0.5375 0.45925925925925926 0.5055555555555555 0.4685185185185185 0.4861111111111111 0.4351851851851852 0.4875 0.3925925925925926 0.5097222222222222 0.34629629629629627
0 0.4791666666666667 0.2962962962962963 0.5125 0.30185185185185187 0.525 0.3314814814814815 0.49444444444444446 0.37222222222222223 0.48333333333333334 0.4185185185185185 0.4527777777777778 0.4351851851851852 0.42777777777777776 0.4185185185185185 0.43194444444444446 0.4148148148148148 0.42777777777777776 0.37407407407407406 0.44305555555555554 0.3314814814814815
0 0.3763888888888889 0.5055555555555555 0.39305555555555555 0.5055555555555555 0.4152777777777778 0.5166666666666667 0.43194444444444446 0.5703703703703704 0.4125 0.5944444444444444 0.3888888888888889 0.65 0.3638888888888889 0.6555555555555556 0.3527777777777778 0.6462962962962963 0.34305555555555556 0.6222222222222222 0.3402777777777778 0.587037037037037 0.3541666666666667 0.5407407407407407
0 0.3277777777777778 0.4925925925925926 0.37222222222222223 0.512962962962963 0.3472222222222222 0.5592592592592592 0.3416666666666667 0.6129629629629629 0.32083333333333336 0.6240740740740741 0.28888888888888886 0.6240740740740741 0.275 0.5944444444444444 0.2777777777777778 0.5611111111111111 0.29444444444444445 0.524074074074074
0 0.2611111111111111 0.48333333333333334 0.26944444444444443 0.4888888888888889 0.275 0.5092592592592593 0.2986111111111111 0.5185185185185185 0.28055555555555556 0.5611111111111111 0.2777777777777778 0.6 0.25416666666666665 0.6092592592592593 0.23194444444444445 0.5981481481481481 0.2222222222222222 0.5574074074074075 0.2361111111111111 0.5111111111111111
0 0.30972222222222223 0.3851851851851852 0.3194444444444444 0.3851851851851852 0.3236111111111111 0.4 0.3388888888888889 0.4166666666666667 0.3263888888888889 0.45555555555555555 0.33194444444444443 0.49444444444444446 0.3013888888888889 0.5148148148148148 0.2847222222222222 0.5148148148148148 0.2652777777777778 0.5 0.2638888888888889 0.44814814814814813 0.2791666666666667 0.4166666666666667
0 0.3638888888888889 0.4 0.38055555555555554 0.4 0.4125 0.4166666666666667 0.3902777777777778 0.45185185185185184 0.3875 0.48148148148148145 0.39166666666666666 0.5 0.37222222222222223 0.512962962962963 0.3388888888888889 0.5055555555555555 0.3236111111111111 0.47962962962962963 0.3236111111111111 0.4537037037037037 0.33055555555555555 0.43333333333333335 0.34305555555555556 0.412962962962963
0 0.4236111111111111 0.4148148148148148 0.4361111111111111 0.4148148148148148 0.45 0.44074074074074077 0.42916666666666664 0.4722222222222222 0.4166666666666667 0.5055555555555555 0.3972222222222222 0.5074074074074074 0.3875 0.4888888888888889 0.3875 0.45555555555555555 0.39861111111111114 0.43148148148148147
0 0.4305555555555556 0.3055555555555556 0.44583333333333336 0.3074074074074074 0.4513888888888889 0.31851851851851853 0.42777777777777776 0.37222222222222223 0.425 0.39444444444444443 0.42916666666666664 0.4074074074074074 0.41944444444444445 0.4185185185185185 0.3958333333333333 0.4185185185185185 0.3763888888888889 0.3925925925925926 0.37777777777777777 0.3537037037037037 0.4013888888888889 0.31296296296296294
0 0.375 0.30185185185185187 0.39444444444444443 0.3037037037037037 0.3958333333333333 0.3148148148148148 0.3763888888888889 0.3537037037037037 0.3736111111111111 0.39444444444444443 0.3416666666666667 0.4148148148148148 0.33055555555555555 0.412962962962963 0.3194444444444444 0.3851851851851852 0.3277777777777778 0.35 0.35138888888888886 0.31666666666666665
0 0.2152777777777778 0.4685185185185185 0.24722222222222223 0.48333333333333334 0.25 0.49444444444444446 0.22777777777777777 0.5370370370370371 0.21666666666666667 0.5833333333333334 0.17777777777777778 0.5814814814814815 0.1625 0.5592592592592592 0.16666666666666666 0.524074074074074 0.18611111111111112 0.49074074074074076
0 0.2 0.25 0.2222222222222222 0.2574074074074074 0.23333333333333334 0.28888888888888886 0.21388888888888888 0.3 0.19027777777777777 0.32592592592592595 0.18333333333333332 0.37037037037037035 0.1527777777777778 0.38333333333333336 0.1361111111111111 0.37777777777777777 0.125 0.34629629629629627 0.13055555555555556 0.3148148148148148 0.1527777777777778 0.2777777777777778
0 0.17222222222222222 0.44814814814814813 0.18333333333333332 0.44814814814814813 0.19027777777777777 0.46296296296296297 0.20277777777777778 0.4703703703703704 0.16944444444444445 0.5166666666666667 0.16111111111111112 0.5537037037037037 0.1361111111111111 0.5537037037037037 0.1111111111111111 0.5370370370370371 0.11805555555555555 0.5074074074074074 0.14722222222222223 0.4685185185185185
0 0.175 0.37037037037037035 0.18611111111111112 0.37407407407407406 0.19305555555555556 0.387037037037037 0.18055555555555555 0.4425925925925926 0.15138888888888888 0.46296296296296297 0.1375 0.46296296296296297 0.12638888888888888 0.44074074074074077 0.12916666666666668 0.4148148148148148 0.14583333333333334 0.3907407407407407
0 0.225 0.37222222222222223 0.23194444444444445 0.37777777777777777 0.2361111111111111 0.40185185185185185 0.225 0.42962962962962964 0.22083333333333333 0.45925925925925926 0.20416666666666666 0.4722222222222222 0.19027777777777777 0.4703703703703704 0.17916666666666667 0.4425925925925926 0.18055555555555555 0.4185185185185185 0.19583333333333333 0.3925925925925926
0 0.26805555555555555 0.37962962962962965 0.2791666666666667 0.37962962962962965 0.2902777777777778 0.40185185185185185 0.26666666666666666 0.4444444444444444 0.2625 0.48148148148148145 0.23472222222222222 0.48333333333333334 0.22361111111111112 0.4722222222222222 0.22361111111111112 0.42592592592592593 0.24444444444444444 0.39444444444444443
0 0.3236111111111111 0.2740740740740741 0.34305555555555556 0.2777777777777778 0.3597222222222222 0.3037037037037037 0.3347222222222222 0.3351851851851852 0.31666666666666665 0.38333333333333336 0.28888888888888886 0.3925925925925926 0.2722222222222222 0.37592592592592594 0.27361111111111114 0.3351851851851852 0.2972222222222222 0.29444444444444445
0 0.2902777777777778 0.2851851851851852 0.29305555555555557 0.3 0.2763888888888889 0.3333333333333333 0.2708333333333333 0.37777777777777777 0.24444444444444444 0.39444444444444443 0.23194444444444445 0.3925925925925926 0.22777777777777777 0.3611111111111111 0.2361111111111111 0.3296296296296296 0.2625 0.3