0 0.1 0.3416666666666667 0.13111111111111112 0.34479166666666666 0.16 0.36354166666666665 0.17333333333333334 0.3885416666666667 0.1688888888888889 0.42291666666666666 0.14666666666666667 0.46041666666666664 0.11777777777777777 0.484375 0.07555555555555556 0.5010416666666667 0.042222222222222223 0.5020833333333333 0.013333333333333334 0.4875 0 0.46770833333333334 0 0.390625 0.008888888888888889 0.375 0.03777777777777778 0.35208333333333336 0.057777777777777775 0.34479166666666666
0 0.5533333333333333 0.5375 0.5844444444444444 0.5385416666666667 0.6133333333333333 0.5489583333333333 0.6422222222222222 0.5677083333333334 0.6688888888888889 0.6010416666666667 0.6755555555555556 0.646875 0.6666666666666666 0.6947916666666667 0.6377777777777778 0.703125 0.58 0.7052083333333333 0.5311111111111111 0.696875 0.5088888888888888 0.6864583333333333 0.4888888888888889 0.6614583333333334 0.4888888888888889 0.58125 0.5133333333333333 0.5510416666666667
0 0.8822222222222222 0.38645833333333335 0.9066666666666666 0.3885416666666667 0.9422222222222222 0.40520833333333334 0.9444444444444444 0.446875 0.9177777777777778 0.4947916666666667 0.8911111111111111 0.5114583333333333 0.8333333333333334 0.528125 0.8177777777777778 0.5385416666666667 0.7355555555555555 0.5458333333333333 0.7177777777777777 0.49895833333333334 0.7377777777777778 0.4625 0.7844444444444445 0.42604166666666665 0.8355555555555556 0.4010416666666667
0 0.8711111111111111 0.5739583333333333 0.9155555555555556 0.5770833333333333 0.9377777777777778 0.5927083333333333 0.9311111111111111 0.609375 0.8777777777777778 0.65 0.8222222222222222 0.6791666666666667 0.7822222222222223 0.6927083333333334 0.7311111111111112 0.7 0.6711111111111111 0.696875 0.6666666666666666 0.675 0.6822222222222222 0.6260416666666667 0.7688888888888888 0.590625 0.8288888888888889 0.5770833333333333
0 0.1111111111111111 0.5666666666666667 0.18444444444444444 0.5677083333333334 0.2777777777777778 0.5864583333333333 0.3088888888888889 0.603125 0.32 0.6229166666666667 0.28888888888888886 0.6333333333333333 0.20444444444444446 0.6416666666666667 0.13555555555555557 0.6395833333333333 0.08888888888888889 0.6302083333333334 0.05555555555555555 0.6145833333333334 0.044444444444444446 0.5916666666666667 0.06888888888888889 0.575
0 0.33555555555555555 0.4041666666666667 0.3688888888888889 0.40625 0.4 0.415625 0.43333333333333335 0.440625 0.45111111111111113 0.4666666666666667 0.45555555555555555 0.5041666666666667 0.44222222222222224 0.5427083333333333 0.4266666666666667 0.559375 0.4066666666666667 0.5666666666666667 0.36666666666666664 0.5614583333333333 0.34 0.546875 0.31333333333333335 0.5208333333333334 0.28888888888888886 0.4791666666666667 0.2822222222222222 0.4552083333333333 0.2866666666666667 0.425 0.30444444444444446 0.409375
0 0.7022222222222222 0.35625 0.7288888888888889 0.35833333333333334 0.7644444444444445 0.384375 0.7844444444444445 0.41354166666666664 0.7844444444444445 0.428125 0.7311111111111112 0.48020833333333335 0.7177777777777777 0.50625 0.6488888888888888 0.5260416666666666 0.6111111111111112 0.5291666666666667 0.5955555555555555 0.5208333333333334 0.5822222222222222 0.5208333333333334 0.5644444444444444 0.503125 0.5577777777777778 0.49166666666666664 0.5622222222222222 0.46458333333333335 0.64 0.37604166666666666 0.6666666666666666 0.3614583333333333
0 0.22444444444444445 0.36875 0.27111111111111114 0.37083333333333335 0.31777777777777777 0.3885416666666667 0.32666666666666666 0.39895833333333336 0.3 0.4114583333333333 0.28444444444444444 0.43333333333333335 0.28888888888888886 0.471875 0.3111111111111111 0.5166666666666667 0.29333333333333333 0.5322916666666667 0.27555555555555555 0.5375 0.23333333333333334 0.5354166666666667 0.20444444444444446 0.525 0.17777777777777778 0.50625 0.15555555555555556 0.46875 0.17333333333333334 0.38645833333333335
0 0.5177777777777778 0.26458333333333334 0.5622222222222222 0.265625 0.5955555555555555 0.271875 0.68 0.303125 0.7111111111111111 0.3302083333333333 0.7133333333333334 0.34479166666666666 0.7 0.35833333333333334 0.6622222222222223 0.365625 0.5911111111111111 0.359375 0.5266666666666666 0.34791666666666665 0.48 0.32916666666666666 0.4533333333333333 0.3125 0.44666666666666666 0.2875 0.47555555555555556 0.271875
0 0.7488888888888889 0.253125 0.7933333333333333 0.2552083333333333 0.8311111111111111 0.2625 0.8577777777777778 0.27708333333333335 0.8777777777777778 0.31145833333333334 0.8844444444444445 0.32708333333333334 0.8822222222222222 0.38229166666666664 0.8644444444444445 0.396875 0.8244444444444444 0.40625 0.7622222222222222 0.3854166666666667 0.7155555555555555 0.35 0.7 0.30833333333333335 0.7022222222222222 0.284375 0.72 0.26458333333333334
0 0.08666666666666667 0.22916666666666666 0.12222222222222222 0.23020833333333332 0.15333333333333332 0.23645833333333333 0.22 0.27708333333333335 0.22666666666666666 0.36041666666666666 0.21555555555555556 0.3697916666666667 0.19111111111111112 0.375 0.17555555555555555 0.375 0.13111111111111112 0.35 0.05555555555555555 0.3416666666666667 0.06666666666666667 0.3125 0.04888888888888889 0.26979166666666665 0.04888888888888889 0.25 0.057777777777777775 0.2375
0 0.35555555555555557 0.196875 0.39555555555555555 0.19895833333333332 0.45111111111111113 0.21354166666666666 0.54 0.25104166666666666 0.5488888888888889 0.2635416666666667 0.4866666666666667 0.26875 0.4577777777777778 0.28020833333333334 0.44222222222222224 0.29583333333333334 0.40444444444444444 0.29375 0.35777777777777775 0.2833333333333333 0.3088888888888889 0.2604166666666667 0.2866666666666667 0.23020833333333332 0.29333333333333333 0.21145833333333333 0.31333333333333335 0.203125
0 0 0.446875 0 0.5614583333333333 0.035555555555555556 0.5739583333333333 0.07111111111111111 0.5760416666666667 0.10666666666666667 0.5677083333333334 0.12444444444444444 0.5427083333333333 0.13111111111111112 0.509375 0.12222222222222222 0.490625 0.11555555555555555 0.4822916666666667 0.10666666666666667 0.4822916666666667 0.07777777777777778 0.49270833333333336 0.042222222222222223 0.4947916666666667
0 0.9977777777777778 0.440625 1 0.540625 0.9266666666666666 0.5770833333333333 0.82 0.5760416666666667 0.8 0.5604166666666667 0.8 0.5395833333333333 0.8111111111111111 0.5270833333333333 0.8422222222222222 0.5125 0.8688888888888889 0.5083333333333333 0.8977777777777778 0.49375 0.9355555555555556 0.44895833333333335 0.9666666666666667 0.4479166666666667
0 0.9155555555555556 0.32083333333333336 0.9355555555555556 0.321875 0.9822222222222222 0.33958333333333335 1 0.36875 0.9933333333333333 0.4375 0.9755555555555555 0.4510416666666667 0.9422222222222222 0.4583333333333333 0.9311111111111111 0.45625 0.9244444444444444 0.40520833333333334 0.8844444444444445 0.39791666666666664 0.8777777777777778 0.3927083333333333 0.8822222222222222 0.340625 0.8866666666666667 0.3333333333333333
0 0.6022222222222222 0.12708333333333333 0.68 0.13125 0.7422222222222222 0.15104166666666666 0.8133333333333334 0.19375 0.8133333333333334 0.20625 0.8022222222222222 0.215625 0.7755555555555556 0.225 0.7422222222222222 0.22916666666666666 0.6755555555555556 0.225 0.6511111111111111 0.20520833333333333 0.6 0.18020833333333333 0.5466666666666666 0.165625 0.5444444444444444 0.15 0.5555555555555556 0.13958333333333334
0 0.4822222222222222 0.16041666666666668 0.5177777777777778 0.16145833333333334 0.5711111111111111 0.171875 0.6022222222222222 0.18020833333333333 0.6422222222222222 0.19895833333333332 0.6955555555555556 0.2375 0.6822222222222222 0.25104166666666666 0.6866666666666666 0.2625 0.6733333333333333 0.25833333333333336 0.6466666666666666 0.2625 0.5755555555555556 0.259375 0.5155555555555555 0.24166666666666667 0.4577777777777778 0.21666666666666667 0.44 0.203125 0.43555555555555553 0.18020833333333333 0.45111111111111113 0.16666666666666666
0 0.29333333333333333 0.25833333333333336 0.34444444444444444 0.28125 0.38666666666666666 0.29270833333333335 0.38666666666666666 0.30416666666666664 0.3377777777777778 0.3260416666666667 0.32222222222222224 0.340625 0.30444444444444446 0.384375 0.24 0.36770833333333336 0.22444444444444445 0.3416666666666667 0.2288888888888889 0.2864583333333333 0.25333333333333335 0.26979166666666665
0 0.41555555555555557 0.29583333333333334 0.4444444444444444 0.296875 0.4822222222222222 0.340625 0.47333333333333333 0.38229166666666664 0.4222222222222222 0.4239583333333333 0.3288888888888889 0.4010416666666667 0.31333333333333335 0.38333333333333336 0.31333333333333335 0.35625 0.3377777777777778 0.32395833333333335 0.3622222222222222 0.309375
0 0.5355555555555556 0.3541666666666667 0.5844444444444444 0.3572916666666667 0.6133333333333333 0.36770833333333336 0.6222222222222222 0.3770833333333333 0.6177777777777778 0.403125 0.5977777777777777 0.421875 0.5688888888888889 0.43645833333333334 0.5 0.459375 0.46444444444444444 0.4635416666666667 0.4444444444444444 0.4552083333333333 0.4266666666666667 0.43645833333333334 0.4311111111111111 0.41770833333333335 0.4711111111111111 0.38229166666666664 0.5066666666666667 0.3625
0 0.3111111111111111 0.528125 0.36666666666666664 0.5625 0.4066666666666667 0.56875 0.44 0.559375 0.48444444444444446 0.571875 0.4911111111111111 0.5854166666666667 0.4822222222222222 0.6302083333333334 0.41555555555555557 0.6302083333333334 0.35555555555555557 0.621875 0.32222222222222224 0.6114583333333333 0.2733333333333333 0.5854166666666667 0.24888888888888888 0.5604166666666667 0.24888888888888888 0.54375