0 0.18541666666666667 0.7388888888888889 0.27395833333333336 0.762962962962963 0.303125 0.7870370370370371 0.32916666666666666 0.8222222222222222 0.33125 0.8629629629629629 0.328125 0.8777777777777778 0.33541666666666664 0.8888888888888888 0.334375 0.9074074074074074 0.340625 0.9092592592592592 0.34270833333333334 0.9277777777777778 0.33125 0.9740740740740741 0.30833333333333335 1 0.11770833333333333 1 0.10520833333333333 0.987037037037037 0.09166666666666666 0.9555555555555556 0.08125 0.9092592592592592 0.084375 0.8462962962962963 0.09166666666666666 0.8185185185185185 0.11770833333333333 0.7777777777777778 0.13958333333333334 0.7574074074074074
0 0.428125 0.7129629629629629 0.453125 0.7129629629629629 0.5135416666666667 0.7296296296296296 0.5541666666666667 0.7537037037037037 0.5729166666666666 0.7722222222222223 0.596875 0.8092592592592592 0.6125 0.8722222222222222 0.6041666666666666 0.9166666666666666 0.5791666666666667 0.9629629629629629 0.5572916666666666 0.9851851851851852 0.50625 0.9981481481481481 0.4666666666666667 0.9925925925925926 0.45 0.9925925925925926 0.4427083333333333 1 0.41875 0.9962962962962963 0.4010416666666667 0.9648148148148148 0.3572916666666667 0.9333333333333333 0.3302083333333333 0.8777777777777778 0.3302083333333333 0.8296296296296296 0.3375 0.8 0.3541666666666667 0.7666666666666667 0.3802083333333333 0.737037037037037
0 0.6635416666666667 0.7055555555555556 0.7427083333333333 0.7074074074074074 0.7895833333333333 0.7277777777777777 0.8416666666666667 0.7685185185185185 0.8614583333333333 0.7944444444444444 0.8770833333333333 0.8351851851851851 0.8802083333333334 0.8574074074074074 0.8770833333333333 0.8981481481481481 0.840625 0.9425925925925925 0.7666666666666667 0.9685185185185186 0.7364583333333333 0.9666666666666667 0.6895833333333333 0.9481481481481482 0.6364583333333333 0.9092592592592592 0.6197916666666666 0.8870370370370371 0.6083333333333333 0.8592592592592593 0.6 0.8111111111111111 0.6020833333333333 0.774074074074074 0.609375 0.7481481481481481 0.6208333333333333 0.7296296296296296 0.6375 0.7148148148148148
0 0.934375 0.6611111111111111 0.9770833333333333 0.662962962962963 1 0.6722222222222223 1 0.9111111111111111 0.9635416666666666 0.9 0.9322916666666666 0.8759259259259259 0.9208333333333333 0.8796296296296297 0.903125 0.8685185185185185 0.8802083333333334 0.8407407407407408 0.8583333333333333 0.7851851851851852 0.85625 0.737037037037037 0.8770833333333333 0.6851851851851852 0.9010416666666666 0.6648148148148149
0 0.89375 0.4148148148148148 0.9020833333333333 0.4166666666666667 0.915625 0.4444444444444444 0.9635416666666666 0.48333333333333334 1 0.5407407407407407 1 0.674074074074074 0.9645833333333333 0.6611111111111111 0.8989583333333333 0.6611111111111111 0.84375 0.6388888888888888 0.7979166666666667 0.6037037037037037 0.7635416666666667 0.5222222222222223 0.7666666666666667 0.48148148148148145 0.7760416666666666 0.45925925925925926 0.7947916666666667 0.4388888888888889 0.8333333333333334 0.4203703703703704 0.8802083333333334 0.4222222222222222
0 0.6145833333333334 0.4462962962962963 0.6604166666666667 0.45185185185185184 0.7083333333333334 0.4703703703703704 0.75 0.5074074074074074 0.775 0.5462962962962963 0.7916666666666666 0.5925925925925926 0.790625 0.6296296296296297 0.7822916666666667 0.6555555555555556 0.7614583333333333 0.6833333333333333 0.7364583333333333 0.6981481481481482 0.6708333333333333 0.7037037037037037 0.6572916666666667 0.7018518518518518 0.6208333333333333 0.6777777777777778 0.5791666666666667 0.6370370370370371 0.565625 0.6129629629629629 0.553125 0.575925925925926 0.55 0.5370370370370371 0.5625 0.4888888888888889 0.5885416666666666 0.45925925925925926
0 0.39895833333333336 0.44814814814814813 0.4791666666666667 0.47962962962962963 0.5385416666666667 0.5444444444444444 0.5854166666666667 0.6462962962962963 0.5833333333333334 0.6796296296296296 0.5729166666666666 0.7092592592592593 0.584375 0.7240740740740741 0.5260416666666666 0.7314814814814815 0.44583333333333336 0.7111111111111111 0.40208333333333335 0.687037037037037 0.378125 0.6592592592592592 0.35 0.6092592592592593 0.3385416666666667 0.5722222222222222 0.3375 0.5388888888888889 0.34791666666666665 0.4925925925925926 0.35625 0.4759259259259259 0.3770833333333333 0.45555555555555555
0 0.14061077305571787 0.7054873082487878 0.1912123557607849 0.7442709597496535 0.24082183316952885 0.7495596202420886 0.31821256387881147 0.7495596202420884 0.35790011401265504 0.6931471710446113 0.372782885700687 0.6631778830862988 0.350954741075361 0.6155797268198699 0.3271422268916308 0.5344866501565149 0.2547124995612377 0.5098060933021422 0.19418898958127032 0.506280319640519 0.11580607409278537 0.5697445279957575 0.11183733497597696 0.6473118309974892
0 0 0.7482363294672083 0.037423158604300566 0.6226313447546213 0.08306381741335685 0.5750331884881924 0.11878262843039185 0.5785589621498157 0.11481388931358329 0.6208683873123046 0.13465774386338408 0.6931471710446113 0.15350925466822465 0.7284050488838539 0.1406107730557179 0.7601370824499681 0.10092322292187436 0.7865803849121428 0.08107944785495265 0.8447559327749464 0.0860403717509633 0.9099830279609966 0.09397792946745948 0.9522924531234856 0.048337270658403125 0.9963647651167864 0.006665350966155363 0.9875503309627282 0 0.9346634435923596
0 0.11359127362569175 0.29453262576350464 0.1495404360685371 0.2612381322081376 0.19022017098158278 0.2453720801193279 0.2408218331695288 0.26476390586976084 0.28943904631619155 0.29297023638575675 0.33408752034604566 0.30707333103224993 0.37179070092148486 0.4005066861227913 0.3896501064300023 0.43223879030041057 0.36286103790866575 0.4639708944780298 0.28844686153698934 0.5168577818483986 0.22296242766101132 0.4992288429287772 0.15251706988902256 0.48159983339765094 0.10687633159708726 0.40755830405754273 0.09893885336347014 0.3740633130491118
0 0.32416567255402445 0.2823928447893822 0.3469860019585525 0.36701176572586514 0.3747672552590913 0.41460985138078926 0.4144548053929347 0.45339350288165514 0.4511658011891719 0.46397089447802986 0.5057362024939264 0.47102244180127645 0.5345096405736676 0.45339350288165503 0.5454237526277699 0.42518731358866896 0.5315330862360609 0.35467148729867887 0.4987908295566325 0.30354755737062666 0.4799392392689128 0.26123813220813763 0.43231421090145206 0.20658842861846205 0.37179070092148475 0.18014505554478263 0.3350797051252477 0.18719660286802917 0.32317348777482213 0.22421736753808336
0 0.5489583333333333 0.1962962962962963 0.5875 0.1962962962962963 0.6177083333333333 0.20555555555555555 0.6489583333333333 0.22962962962962963 0.6791666666666667 0.26481481481481484 0.7125 0.32592592592592595 0.7260416666666667 0.3685185185185185 0.728125 0.4074074074074074 0.7166666666666667 0.45185185185185184 0.69375 0.46111111111111114 0.6197916666666666 0.4444444444444444 0.5666666666666667 0.4111111111111111 0.5385416666666667 0.38333333333333336 0.5041666666666667 0.30925925925925923 0.5020833333333333 0.2814814814814815 0.5145833333333333 0.23333333333333334
0 0.7395833333333334 0.15555555555555556 0.7802083333333333 0.1574074074074074 0.8145833333333333 0.17222222222222222 0.8333333333333334 0.18518518518518517 0.8927083333333333 0.2537037037037037 0.9114583333333334 0.2833333333333333 0.928125 0.32407407407407407 0.93125 0.3592592592592593 0.9208333333333333 0.3925925925925926 0.9125 0.40555555555555556 0.8864583333333333 0.42407407407407405 0.809375 0.42407407407407405 0.7645833333333333 0.4074074074074074 0.7291666666666666 0.37592592592592594 0.7 0.30185185185185187 0.6802083333333333 0.26481481481481484 0.675 0.24074074074074073 0.6885416666666667 0.22777777777777777 0.6927083333333334 0.20555555555555555 0.7104166666666667 0.17407407407407408
0 0.6739583333333333 0 0.846875 0 0.8770833333333333 0.05925925925925926 0.88125 0.08333333333333333 0.8802083333333334 0.11851851851851852 0.8625 0.1648148148148148 0.840625 0.18703703703703703 0.815625 0.18333333333333332 0.775 0.16296296296296298 0.71875 0.15925925925925927 0.703125 0.14444444444444443 0.66875 0.07407407407407407 0.6625 0.03518518518518519
0 0.5010416666666667 0 0.6260416666666667 0 0.6541666666666667 0.03518518518518519 0.6927083333333334 0.11481481481481481 0.7052083333333333 0.15185185185185185 0.70625 0.18703703703703703 0.6895833333333333 0.22592592592592592 0.675 0.23703703703703705 0.6583333333333333 0.23703703703703705 0.603125 0.2 0.55 0.18703703703703703 0.5458333333333333 0.17592592592592593 0.534375 0.17037037037037037 0.5125 0.12777777777777777 0.48854166666666665 0.06481481481481481 0.49166666666666664 0.020370370370370372 0.5052083333333334 0.014814814814814815
0 0.3072916666666667 0 0.4322916666666667 0 0.446875 0.012962962962962963 0.4864583333333333 0.06111111111111111 0.521875 0.1425925925925926 0.5270833333333333 0.16296296296296298 0.525 0.1962962962962963 0.5041666666666667 0.21296296296296297 0.465625 0.21666666666666667 0.359375 0.17962962962962964 0.3541666666666667 0.1685185185185185 0.3541666666666667 0.15 0.32916666666666666 0.13333333333333333 0.309375 0.10555555555555556 0.30520833333333336 0.08333333333333333
0 0.20104166666666667 0.053703703703703705 0.24791666666666667 0.05925925925925926 0.28854166666666664 0.08333333333333333 0.36354166666666665 0.17407407407407408 0.36041666666666666 0.18888888888888888 0.34479166666666666 0.2 0.32395833333333335 0.22777777777777777 0.32395833333333335 0.2722222222222222 0.3302083333333333 0.31851851851851853 0.3145833333333333 0.31666666666666665 0.24166666666666667 0.2740740740740741 0.19895833333333332 0.25925925925925924 0.18020833333333333 0.2462962962962963 0.159375 0.21851851851851853 0.14375 0.17222222222222222 0.14270833333333333 0.1259259259259259 0.146875 0.1037037037037037 0.1625 0.07222222222222222