0 0.4908616187989556 0.4794238683127572 0.5900783289817232 0.4876543209876543 0.7989556135770235 0.5720164609053497 0.8172323759791122 0.5967078189300411 0.8172323759791122 0.6358024691358025 0.7859007832898173 0.6893004115226338 0.7493472584856397 0.7160493827160493 0.6945169712793734 0.7386831275720165 0.5926892950391645 0.7551440329218106 0.5169712793733682 0.7530864197530864 0.44386422976501305 0.7386831275720165 0.360313315926893 0.7037037037037037 0.3237597911227154 0.6666666666666666 0.3237597911227154 0.5720164609053497 0.360313315926893 0.522633744855967 0.38903394255874674 0.5041152263374485 0.4412532637075718 0.48559670781893005
0 0.02610966057441253 0.4567901234567901 0.08093994778067885 0.4588477366255144 0.18276762402088773 0.4876543209876543 0.2454308093994778 0.5164609053497943 0.29765013054830286 0.5617283950617284 0.3185378590078329 0.5967078189300411 0.3263707571801567 0.6563786008230452 0.2898172323759791 0.7407407407407407 0.2010443864229765 0.7757201646090535 0.15926892950391644 0.7839506172839507 0.04960835509138381 0.7674897119341564 0 0.742798353909465 0 0.4588477366255144
0 0.18798955613577023 0.35185185185185186 0.2454308093994778 0.360082304526749 0.33159268929503916 0.4012345679012346 0.4255874673629243 0.4794238683127572 0.4281984334203655 0.49382716049382713 0.3524804177545692 0.5432098765432098 0.32114882506527415 0.6069958847736625 0.2924281984334204 0.565843621399177 0.23237597911227154 0.5164609053497943 0.17754569190600522 0.49176954732510286 0.09921671018276762 0.4711934156378601 0.08093994778067885 0.4567901234567901 0.10966057441253264 0.3888888888888889 0.1409921671018277 0.36419753086419754
0 0 0.205761316872428 0.033942558746736295 0.20987654320987653 0.10182767624020887 0.2345679012345679 0.15926892950391644 0.2757201646090535 0.18276762402088773 0.31069958847736623 0.185378590078329 0.3559670781893004 0.1514360313315927 0.36419753086419754 0.12010443864229765 0.38477366255144035 0.08093994778067885 0.43004115226337447 0.0783289817232376 0.44650205761316875 0.06788511749347259 0.44238683127572015 0.07571801566579635 0.43415637860082307 0.06788511749347259 0.42592592592592593 0 0.41975308641975306
0 0.14882506527415143 0.16872427983539096 0.22715404699738903 0.17078189300411523 0.28720626631853785 0.1831275720164609 0.34203655352480417 0.205761316872428 0.370757180156658 0.22839506172839505 0.39425587467362927 0.28189300411522633 0.3472584856396867 0.3168724279835391 0.3237597911227154 0.3477366255144033 0.2454308093994778 0.3559670781893004 0.1906005221932115 0.3436213991769547 0.1566579634464752 0.2777777777777778 0.06266318537859007 0.21604938271604937 0.07571801566579635 0.18724279835390947 0.10966057441253264 0.1728395061728395
0 0.4046997389033943 0.28189300411522633 0.4516971279373368 0.2839506172839506 0.5326370757180157 0.31893004115226337 0.6161879895561357 0.3374485596707819 0.6527415143603134 0.3497942386831276 0.6919060052219321 0.3765432098765432 0.720626631853786 0.41358024691358025 0.6971279373368147 0.4691358024691358 0.7075718015665796 0.5329218106995884 0.6892950391644909 0.5329218106995884 0.5587467362924282 0.4876543209876543 0.4751958224543081 0.48559670781893005 0.43342036553524804 0.49382716049382713 0.42036553524804177 0.4876543209876543 0.31592689295039167 0.39300411522633744 0.3342036553524804 0.32510288065843623 0.3681462140992167 0.2962962962962963
0 0.9738903394255874 0.32510288065843623 1 0.3271604938271605 1 0.5452674897119342 0.7911227154046997 0.5699588477366255 0.7180156657963447 0.5432098765432098 0.6945169712793734 0.5020576131687243 0.6945169712793734 0.46502057613168724 0.7049608355091384 0.4382716049382716 0.7389033942558747 0.3991769547325103 0.7728459530026109 0.37448559670781895 0.8328981723237598 0.3497942386831276
0 0.6109660574412533 0.7489711934156379 0.6631853785900783 0.7510288065843621 0.6919060052219321 0.7757201646090535 0.7336814621409922 0.7921810699588477 0.7467362924281984 0.8106995884773662 0.6684073107049608 0.8333333333333334 0.6240208877284595 0.8580246913580247 0.5926892950391645 0.8930041152263375 0.5691906005221932 0.9444444444444444 0.34203655352480417 0.9444444444444444 0.2506527415143603 0.9012345679012346 0.2193211488250653 0.8765432098765432 0.22715404699738903 0.8559670781893004 0.26370757180156656 0.8271604938271605 0.34203655352480417 0.7901234567901234 0.47780678851174935 0.7530864197530864
0 0.7467362924281984 0.8127572016460906 0.8694516971279374 0.8271604938271605 0.9686684073107049 0.8683127572016461 1 0.8909465020576132 1 0.9506172839506173 0.5822454308093995 0.9465020576131687 0.5822454308093995 0.9094650205761317 0.6135770234986945 0.8621399176954733 0.6684073107049608 0.8292181069958847
0 0.9373368146214099 0.7181069958847737 1 0.7304526748971193 1 0.8930041152263375 0.8929503916449086 0.8395061728395061 0.7728459530026109 0.8106995884773662 0.825065274151436 0.7530864197530864 0.8825065274151436 0.7283950617283951
0 0.7702349869451697 0.1522633744855967 0.835509138381201 0.16255144032921812 0.8642297650130548 0.17695473251028807 0.8929503916449086 0.20987654320987653 0.8981723237597912 0.24897119341563786 0.8903394255874674 0.2777777777777778 0.8433420365535248 0.32510288065843623 0.7806788511749347 0.35802469135802467 0.6945169712793734 0.38477366255144035 0.6422976501305483 0.35185185185185186 0.5274151436031331 0.31893004115226337 0.5248041775456919 0.2839506172839506 0.5509138381201044 0.25925925925925924 0.6892950391644909 0.1748971193415638
0 0.4908616187989556 0.12757201646090535 0.597911227154047 0.14814814814814814 0.6762402088772846 0.17695473251028807 0.6657963446475196 0.19547325102880658 0.5248041775456919 0.2880658436213992 0.4830287206266319 0.2736625514403292 0.4595300261096606 0.2551440329218107 0.4360313315926893 0.2139917695473251 0.4412532637075718 0.16255144032921812 0.4621409921671018 0.13580246913580246
0 0.33159268929503916 0.12139917695473251 0.3838120104438642 0.12345679012345678 0.4360313315926893 0.15637860082304528 0.4386422976501306 0.21810699588477367 0.4908616187989556 0.2777777777777778 0.48825065274151436 0.294238683127572 0.43342036553524804 0.2839506172839506 0.3838120104438642 0.28600823045267487 0.3838120104438642 0.2551440329218107 0.360313315926893 0.2242798353909465 0.2819843342036554 0.18106995884773663 0.3028720626631854 0.12551440329218108
0 0.19321148825065274 0.09465020576131687 0.24281984334203655 0.09670781893004116 0.27676240208877284 0.11522633744855967 0.29765013054830286 0.14609053497942387 0.2924281984334204 0.1831275720164609 0.2193211488250653 0.17078189300411523 0.13054830287206268 0.17078189300411523 0.04177545691906005 0.20164609053497942 0.03655352480417755 0.17695473251028807 0.07571801566579635 0.1337448559670782 0.12010443864229765 0.11316872427983539
0 0.19843342036553524 0.01646090534979424 0.2819843342036554 0.018518518518518517 0.3394255874673629 0.03292181069958848 0.402088772845953 0.07407407407407407 0.40992167101827676 0.09259259259259259 0.381201044386423 0.12139917695473251 0.3237597911227154 0.12139917695473251 0.2924281984334204 0.13168724279835392 0.2402088772845953 0.09876543209876543 0.2010443864229765 0.09670781893004116 0.13054830287206268 0.10905349794238683 0.11488250652741515 0.09465020576131687 0.08877284595300261 0.08847736625514403 0.0835509138381201 0.0720164609053498 0.12532637075718014 0.03292181069958848
0 0.7336814621409922 0.030864197530864196 0.7702349869451697 0.03497942386831276 0.8224543080939948 0.06378600823045268 0.856396866840731 0.06378600823045268 0.8851174934725848 0.07818930041152264 0.8511749347258486 0.0823045267489712 0.8198433420365535 0.11522633744855967 0.804177545691906 0.15432098765432098 0.7519582245430809 0.15843621399176955 0.6788511749347258 0.18106995884773663 0.6318537859007833 0.15432098765432098 0.6475195822454308 0.0823045267489712 0.6710182767624021 0.04938271604938271
0 0.8825065274151436 0.08024691358024691 0.9347258485639687 0.08436213991769548 1 0.1111111111111111 1 0.2839506172839506 0.9817232375979112 0.294238683127572 0.9451697127937336 0.29835390946502055 0.8851174934725848 0.2839506172839506 0.8903394255874674 0.20781893004115226 0.856396866840731 0.1728395061728395 0.804177545691906 0.15432098765432098 0.8198433420365535 0.10905349794238683
0 0.6031331592689295 0.043209876543209874 0.6684073107049608 0.051440329218107 0.6475195822454308 0.09876543209876543 0.6449086161879896 0.16255144032921812 0.5926892950391645 0.1522633744855967 0.5169712793733682 0.09053497942386832 0.5430809399477807 0.059670781893004114
0 0.45691906005221933 0.07818930041152264 0.5274151436031331 0.09465020576131687 0.5953002610966057 0.1419753086419753 0.5587467362924282 0.14609053497942387 0.4856396866840731 0.13168724279835392 0.46736292428198434 0.13580246913580246 0.44386422976501305 0.16049382716049382 0.4308093994778068 0.15843621399176955 0.38642297650130547 0.12757201646090535 0.3838120104438642 0.1111111111111111 0.4177545691906005 0.08641975308641975