0 0.288888888888889 0.07457121551081282 0.23518518518518514 0.09880686055182704 0.19074074074074082 0.15473527218493663 0.1981481481481483 0.2311707680835198 0.29074074074074086 0.3337061894108874 0.37037037037037046 0.39149888143176736 0.4500000000000002 0.3877703206562267 0.4944444444444446 0.3392990305741984 0.4944444444444447 0.27218493661446685 0.45370370370370383 0.1603281133482476 0.39629629629629637 0.08762117822520513 0.30555555555555564 0.06711409395973159
0 0.49259259259259275 0.1621923937360179 0.5481481481481484 0.06524981357196126 0.6222222222222223 0.007457121551081328 0.7351851851851852 2.3843715965104033e-17 0.7870370370370372 0.03542132736763612 0.7759259259259261 0.1062639821029083 0.712962962962963 0.24608501118568232 0.6351851851851853 0.29082774049217 0.5870370370370371 0.31133482475764357 0.5055555555555556 0.29082774049217 0.48888888888888893 0.23862788963460105 0.49074074074074076 0.15846383296047722
0 0.7925925925925927 0.16405667412378824 0.8777777777777779 0.20879940343027595 0.922222222222222 0.3318419090231171 0.9333333333333337 0.436241610738255 0.8925925925925926 0.49030574198359445 0.8296296296296295 0.499627143922446 0.7611111111111112 0.47539149888143184 0.7240740740740744 0.4194630872483222 0.7277777777777777 0.3467561521252797 0.7055555555555554 0.31506338553318425 0.6944444444444445 0.28150633855331847 0.7166666666666667 0.2143922445935869 0.7722222222222221 0.17337807606263989
0 0.4703703703703705 0.5425055928411633 0.46666666666666684 0.48284862043251303 0.4759259259259261 0.4250559284116331 0.5425925925925927 0.3299776286353469 0.6277777777777779 0.2926920208799403 0.701851851851852 0.2870991797166293 0.7259259259259259 0.3225205070842654 0.725925925925926 0.43624161073825496 0.651851851851852 0.5518269947800148 0.5685185185185186 0.598434004474273 0.5074074074074074 0.5797912005965697 0.47222222222222227 0.5630126771066368
0 0.10740740740740752 0.47166293810589116 0.21666666666666676 0.41387024608501133 0.3351851851851852 0.40827740492170017 0.4055555555555555 0.41946308724832226 0.462962962962963 0.49589858314690527 0.46111111111111125 0.5369127516778524 0.4185185185185186 0.5853840417598807 0.3777777777777779 0.6375838926174496 0.31851851851851865 0.6655480984340045 0.24444444444444452 0.6860551826994781 0.14814814814814825 0.6711409395973155 0.10740740740740748 0.6170768083519761 0.0777777777777779 0.576062639821029 0.08333333333333343 0.5313199105145414
0 0.0018518518518519044 0.24608501118568235 0.07037037037037043 0.22744220730797915 0.17222222222222225 0.22930648769574946 0.21481481481481496 0.24608501118568235 0.28518518518518526 0.34302759134973904 0.25925925925925936 0.39709172259507836 0.1777777777777779 0.4306487695749441 0.11111111111111124 0.44929157345264725 0.04259259259259267 0.4660700969425802 0 0.45115585384041773 0.005555555555555571 0.24981357196122306
0 0.6944444444444445 0.7363907531692767 0.6425925925925927 0.7774049217002238 0.6240740740740742 0.8836689038031321 0.6185185185185187 0.9675615212527966 0.6462962962962963 1 0.7425925925925927 0.9973900074571216 0.814814814814815 0.9731543624161074 0.8740740740740743 0.9451901565995524 0.887037037037037 0.8370618941088739 0.853703703703704 0.7718120805369127 0.7962962962962966 0.7214765100671141 0.7388888888888893 0.7158836689038031 0.6962962962962966 0.7401193139448171
0 0.8462962962962965 0.7214765100671141 0.9166666666666669 0.6580909768829233 0.9777777777777777 0.6002982848620433 0.9574074074074078 0.529455630126771 0.9055555555555558 0.48844146159582413 0.8388888888888889 0.505219985085757 0.7962962962962962 0.48657718120805377 0.7444444444444446 0.4772557792692022 0.7018518518518518 0.4847129008202835 0.6666666666666669 0.5238627889634602 0.6296296296296295 0.5797912005965697 0.601851851851852 0.5984340044742731 0.6259259259259261 0.6823266219239374 0.675925925925926 0.7307979120059658 0.7185185185185187 0.7345264727815064 0.7555555555555556 0.715883668903803 0.8000000000000002 0.721476510067114
0 0.046296296296296384 0.6077554064131246 0.07222222222222223 0.5984340044742731 0.10740740740740748 0.6189410887397466 0.19259259259259262 0.7121551081282625 0.23148148148148162 0.801640566741238 0.22407407407407415 0.8911260253542133 0.19629629629629633 0.9377330350484714 0.17777777777777787 0.9507829977628635 0.09259259259259262 0.9228187919463087 0.062962962962963 0.8445190156599555 0.01666666666666681 0.738255033557047 0 0.6599552572706937 4.7369515717340015e-17 0.6189410887397466
0 0.3351851851851853 0.6860551826994781 0.28888888888888886 0.6935123042505593 0.24259259259259272 0.7475764354958987 0.225925925925926 0.8035048471290084 0.24629629629629635 0.9582401193139448 0.2833333333333334 1 0.2907407407407408 0.9507829977628635 0.3203703703703704 0.9116331096196869 0.3833333333333334 0.8780760626398211 0.4277777777777779 0.8557046979865772 0.4185185185185186 0.8128262490678598 0.40555555555555556 0.7755406413124535 0.40000000000000013 0.7475764354958986 0.37592592592592605 0.6916480238627891
0 0.5981481481481482 0.9358687546607013 0.5537037037037039 0.8929903057419837 0.4888888888888889 0.8687546607009695 0.42037037037037045 0.8631618195376585 0.3574074074074075 0.8873974645786726 0.29259259259259285 0.93027591349739 0.2814814814814816 0.9768829231916483 0.28518518518518526 1 0.3611111111111112 1 0.6314814814814815 1 0.6203703703703705 0.9675615212527964