0 0.3737864077669903 0 0.5048543689320388 0 0.5485436893203883 0.03398058252427184 0.5679611650485437 0.12135922330097088 0.5242718446601942 0.19902912621359223 0.3640776699029126 0.22815533980582525 0.2669902912621359 0.21359223300970873 0.21844660194174756 0.1796116504854369 0.18932038834951456 0.1262135922330097 0.18932038834951456 0.07281553398058252
0 0.2087378640776699 0.2524271844660194 0.28640776699029125 0.2524271844660194 0.33980582524271846 0.28640776699029125 0.3786407766990291 0.39805825242718446 0.36893203883495146 0.44660194174757284 0.3058252427184466 0.47572815533980584 0.23786407766990292 0.48058252427184467 0.18446601941747573 0.46601941747572817 0.15048543689320387 0.4320388349514563 0.13592233009708737 0.3106796116504854 0.1650485436893204 0.2669902912621359
0 0.4368932038834951 0.22330097087378642 0.49029126213592233 0.23786407766990292 0.5388349514563107 0.30097087378640774 0.5388349514563107 0.3737864077669903 0.5 0.4223300970873786 0.41262135922330095 0.4174757281553398 0.3592233009708738 0.3640776699029126 0.36893203883495146 0.25728155339805825
0 0.18446601941747573 0.5194174757281553 0.2766990291262136 0.5388349514563107 0.2961165048543689 0.5728155339805825 0.28640776699029125 0.6407766990291263 0.16990291262135923 0.7669902912621359 0.0825242718446602 0.7621359223300971 0.043689320388349516 0.7184466019417476 0.043689320388349516 0.6553398058252428 0.1262135922330097 0.5436893203883495
0 0.44660194174757284 0.7961165048543689 0.529126213592233 0.8398058252427184 0.5825242718446602 1 0.3640776699029126 1 0.33980582524271846 0.9271844660194175 0.3446601941747573 0.8349514563106796 0.3737864077669903 0.8106796116504854
0 0.5145631067961165 0.5825242718446602 0.6359223300970874 0.6019417475728155 0.6941747572815534 0.6601941747572816 0.7087378640776699 0.7766990291262136 0.6601941747572816 0.8543689320388349 0.5533980582524272 0.8300970873786407 0.46601941747572817 0.7572815533980582 0.45145631067961167 0.7087378640776699 0.46116504854368934 0.6407766990291263
0 0.8155339805825242 0.5776699029126213 0.8883495145631068 0.5922330097087378 0.9368932038834952 0.6456310679611651 0.941747572815534 0.7087378640776699 0.8786407766990292 0.7669902912621359 0.7572815533980582 0.7669902912621359 0.7038834951456311 0.7184466019417476 0.6990291262135923 0.6456310679611651
0 0.3106796116504854 0.6213592233009708 0.39805825242718446 0.6456310679611651 0.4368932038834951 0.6796116504854369 0.4563106796116505 0.7184466019417476 0.4563106796116505 0.7864077669902912 0.3300970873786408 0.8009708737864077 0.25728155339805825 0.7572815533980582 0.24271844660194175 0.6893203883495146
0 0.34951456310679613 0.441747572815534 0.4368932038834951 0.441747572815534 0.49029126213592233 0.4854368932038835 0.5097087378640777 0.5679611650485437 0.47572815533980584 0.6262135922330098 0.3883495145631068 0.6407766990291263 0.32038834951456313 0.5922330097087378 0.30097087378640774 0.558252427184466 0.30097087378640774 0.49514563106796117
0 0.7427184466019418 0.32524271844660196 0.8203883495145631 0.3640776699029126 0.8398058252427184 0.4368932038834951 0.8058252427184466 0.5 0.7135922330097088 0.5242718446601942 0.6893203883495146 0.5145631067961165 0.6504854368932039 0.441747572815534 0.6504854368932039 0.3932038834951456 0.6941747572815534 0.33980582524271846
0 0.03398058252427184 0.6844660194174758 0.10194174757281553 0.7621359223300971 0.18932038834951456 0.7572815533980582 0.18446601941747573 0.8446601941747572 0.11650485436893204 0.9174757281553398 0.04854368932038835 0.9077669902912622 0.009708737864077669 0.8543689320388349 0 0.7427184466019418
0 0.8737864077669902 0.8349514563106796 0.970873786407767 0.8883495145631068 1 0.9368932038834952 1 1 0.7912621359223301 1 0.7766990291262136 0.9514563106796117 0.7912621359223301 0.8737864077669902 0.8349514563106796 0.883495145631068
0 0.7184466019417476 0.7427184466019418 0.7621359223300971 0.7718446601941747 0.7912621359223301 0.9174757281553398 0.7572815533980582 0.9611650485436893 0.6844660194174758 0.9660194174757282 0.616504854368932 0.9174757281553398 0.5922330097087378 0.8446601941747572 0.6699029126213593 0.8495145631067961