0 0.16818181818181818 0.3277777777777778 0.2409090909090909 0.3333333333333333 0.3181818181818182 0.38333333333333336 0.40454545454545454 0.5222222222222223 0.40454545454545454 0.6888888888888889 0.37727272727272726 0.7444444444444445 0.3090909090909091 0.8055555555555556 0.21818181818181817 0.7888888888888889 0.15 0.7166666666666667 0.08181818181818182 0.5888888888888889 0.08181818181818182 0.4111111111111111 0.1318181818181818 0.34444444444444444
0 0.4863636363636364 0.35 0.5454545454545454 0.35 0.5954545454545455 0.37777777777777777 0.65 0.4666666666666667 0.6909090909090909 0.6777777777777778 0.6909090909090909 0.7166666666666667 0.6545454545454545 0.7722222222222223 0.5772727272727273 0.7833333333333333 0.5272727272727272 0.75 0.5181818181818182 0.7166666666666667 0.4909090909090909 0.7333333333333333 0.45454545454545453 0.7111111111111111 0.41818181818181815 0.65 0.4 0.4722222222222222 0.42727272727272725 0.40555555555555556
0 0.44545454545454544 0.7333333333333333 0.5136363636363637 0.7388888888888889 0.5818181818181818 0.7833333333333333 0.6318181818181818 0.9222222222222223 0.32727272727272727 0.9277777777777778 0.35454545454545455 0.8055555555555556 0.39545454545454545 0.7555555555555555
0 0.15 0.7777777777777778 0.21363636363636362 0.7777777777777778 0.30454545454545456 0.8277777777777777 0.32727272727272727 0.9277777777777778 0 0.9277777777777778 0 0.9 0.04090909090909091 0.8444444444444444
0 0.6818181818181818 0.7611111111111111 0.7818181818181819 0.7611111111111111 0.8272727272727273 0.7888888888888889 0.8681818181818182 0.8444444444444444 0.8909090909090909 0.9277777777777778 0.6227272727272727 0.9277777777777778 0.6090909090909091 0.8333333333333334
0 0.9636363636363636 0.6722222222222223 1 0.6777777777777778 1 0.9277777777777778 0.8909090909090909 0.9277777777777778 0.8227272727272728 0.7833333333333333 0.8636363636363636 0.7555555555555555 0.8818181818181818 0.6888888888888889
0 0.7045454545454546 0.3277777777777778 0.7727272727272727 0.35555555555555557 0.8409090909090909 0.4722222222222222 0.8727272727272727 0.7333333333333333 0.8318181818181818 0.7833333333333333 0.7318181818181818 0.7388888888888889 0.6863636363636364 0.6722222222222223 0.6318181818181818 0.40555555555555556 0.6636363636363637 0.35
0 0.8818181818181818 0.3055555555555556 0.9409090909090909 0.32222222222222224 1 0.39444444444444443 1 0.6111111111111112 0.9727272727272728 0.6666666666666666 0.8954545454545455 0.6888888888888889 0.8681818181818182 0.6888888888888889 0.85 0.5388888888888889 0.8090909090909091 0.4 0.8181818181818182 0.34444444444444444
0 0.75 0.06111111111111111 0.8409090909090909 0.07777777777777778 0.8954545454545455 0.16666666666666666 0.8954545454545455 0.29444444444444445 0.8590909090909091 0.3277777777777778 0.8272727272727273 0.4222222222222222 0.75 0.3388888888888889 0.7045454545454546 0.32222222222222224 0.7136363636363636 0.19444444444444445 0.7 0.1111111111111111
0 0.5818181818181818 0.06111111111111111 0.6363636363636364 0.06111111111111111 0.6772727272727272 0.08888888888888889 0.7136363636363636 0.17222222222222222 0.6954545454545454 0.3277777777777778 0.6318181818181818 0.4111111111111111 0.5181818181818182 0.34444444444444444 0.509090909090909 0.1388888888888889
0 0.38181818181818183 0.03333333333333333 0.4318181818181818 0.03333333333333333 0.4772727272727273 0.07222222222222222 0.5136363636363637 0.17222222222222222 0.4954545454545455 0.34444444444444444 0.40454545454545454 0.4388888888888889 0.34545454545454546 0.3888888888888889 0.3 0.25555555555555554 0.31363636363636366 0.1111111111111111
0 0.08636363636363636 0 0.2409090909090909 0 0.2909090909090909 0.06111111111111111 0.3090909090909091 0.17777777777777778 0.2863636363636364 0.25555555555555554 0.2409090909090909 0.32222222222222224 0.1590909090909091 0.3333333333333333 0.1 0.36666666666666664 0.05 0.35 0.004545454545454545 0.3 0.031818181818181815 0.08333333333333333
0 0.5409090909090909 0 0.5409090909090909 0.08333333333333333 0.6227272727272727 0.06111111111111111 0.6954545454545454 0.1111111111111111 0.6954545454545454 0
0 0.7 0 0.95 0 0.95 0.027777777777777776 0.8954545454545455 0.05 0.8727272727272727 0.1 0.7954545454545454 0.06111111111111111 0.7045454545454546 0.08888888888888889
0 0.9318181818181818 0 1 0.03888888888888889 0.990909090909091 0.3611111111111111 0.8909090909090909 0.3055555555555556 0.8954545454545455 0.18333333333333332 0.8636363636363636 0.08333333333333333