0 0 0 0.0029239766081871343 0.07878787878787878 0.04678362573099415 0.1393939393939394 0.0935672514619883 0.12121212121212122 0.11988304093567251 0.030303030303030304 0.11988304093567251 0
0 0.12573099415204678 0 0.14035087719298245 0.048484848484848485 0.1783625730994152 0.08484848484848485 0.21929824561403508 0.08484848484848485 0.260233918128655 0.006060606060606061
0 0.13742690058479531 0.048484848484848485 0.20760233918128654 0.10909090909090909 0.195906432748538 0.18787878787878787 0.19883040935672514 0.2727272727272727 0.15204678362573099 0.3393939393939394 0.11403508771929824 0.3515151515151515 0.08187134502923976 0.296969696969697 0.07309941520467836 0.18787878787878787 0.1111111111111111 0.07878787878787878
0 0.06725146198830409 0.3151515151515151 0.11403508771929824 0.3575757575757576 0.14619883040935672 0.3575757575757576 0.13450292397660818 0.4121212121212121 0.13742690058479531 0.5333333333333333 0.09941520467836257 0.6060606060606061 0.05263157894736842 0.5818181818181818 0.023391812865497075 0.48484848484848486 0.029239766081871343 0.3878787878787879
0 0.04093567251461988 0.5696969696969697 0.0935672514619883 0.6424242424242425 0.09649122807017543 0.793939393939394 0.06140350877192982 0.8606060606060606 0.02631578947368421 0.8484848484848485 0 0.7757575757575758 0 0.6606060606060606
0 0.13450292397660818 0.5515151515151515 0.1783625730994152 0.6 0.21929824561403508 0.6060606060606061 0.20760233918128654 0.7878787878787878 0.16374269005847952 0.8424242424242424 0.10818713450292397 0.8242424242424242 0.0935672514619883 0.7454545454545455 0.09649122807017543 0.6545454545454545
0 0.24853801169590642 0.5575757575757576 0.31871345029239767 0.6424242424242425 0.31871345029239767 0.7757575757575758 0.2777777777777778 0.8727272727272727 0.22807017543859648 0.8363636363636363 0.20760233918128654 0.7575757575757576 0.2134502923976608 0.6424242424242425
0 0.09649122807017543 0.793939393939394 0.15204678362573099 0.8606060606060606 0.14912280701754385 1 0.03216374269005848 1 0.043859649122807015 0.9030303030303031
0 0.19883040935672514 0.793939393939394 0.2134502923976608 0.793939393939394 0.2309941520467836 0.8484848484848485 0.26608187134502925 0.8787878787878788 0.260233918128655 1 0.14912280701754385 1 0.15789473684210525 0.9212121212121213
0 0.3157894736842105 0.7818181818181819 0.3538011695906433 0.8545454545454545 0.39473684210526316 0.8666666666666667 0.39766081871345027 1 0.2631578947368421 1 0.27485380116959063 0.8787878787878788
0 0.43859649122807015 0.7515151515151515 0.5087719298245614 0.8606060606060606 0.5116959064327485 1 0.39473684210526316 1 0.391812865497076 0.8727272727272727
0 0.3654970760233918 0.5696969696969697 0.4415204678362573 0.5878787878787879 0.43567251461988304 0.7575757575757576 0.39473684210526316 0.8606060606060606 0.3538011695906433 0.8484848484848485 0.3216374269005848 0.7636363636363637 0.32456140350877194 0.6181818181818182
0 0.48830409356725146 0.48484848484848486 0.5614035087719298 0.6303030303030303 0.564327485380117 0.7393939393939394 0.5467836257309941 0.8181818181818182 0.52046783625731 0.8484848484848485 0.4678362573099415 0.8121212121212121 0.4444444444444444 0.7272727272727273 0.4473684210526316 0.6060606060606061
0 0.560145222162152 0.6110843868234209 0.5958690479495207 0.5032322421164599 0.6231010081909654 0.4690427848178004 0.684992007212298 0.5169081072020386 0.686642425038651 0.607510080030195 0.6858171500188563 0.7459773752425894 0.6148489190591996 0.8417078145957786 0.5678118126882813 0.800680493226092
0 0.5189929587876665 0.8512639603363277 0.5191242884910099 1 0.6330035812557022 1 0.6495078256258515 0.9870129738792002 0.6495078256258515 0.8878635340187354 0.6387800436479382 0.846836212649049 0.6140237101460232 0.8382888825602651 0.5645109770355752 0.8160656873859029 0.5661613948619282 0.7699099679629464 0.5488319415786024 0.7716194339807029 0.5372790167941304 0.8348699505247514
0 0.6467815661084375 0.8198385955776296 0.6478574077994985 0.8912824660542487 0.6643615860630295 0.9579519146338109 0.684992007212298 1 0.7559602381719548 0.9972697699857408 0.7840173412199579 0.9306003214061785 0.772464416435486 0.7989710272083353 0.7518341274994538 0.7493963072781029 0.7039718783219768 0.6502470043611626 0.6907684034979157 0.7186259189584816 0.6792154787134439 0.7647815699096759
0 0.7983951680144371 0.8198385955776296 0.7881434518924586 0.8964110010510435 0.7988712338703722 0.9408573913997681 0.833530140437024 0.9921413719324701 0.865713354157528 1 0.9762917451628961 1 0.9787674380090438 0.882735135965465 0.939982420769891 0.7801667640694866 0.9119253177218877 0.7391394426998003 0.8805672468079422 0.6912742572590868 0.8607621006784687 0.6741795286097572 0.8467334830478489 0.7271731805755031 0.8153754121339034 0.802389959243849
0 0.708509961170166 0.5751696842420515 0.713049110260301 0.6998215873478705 0.7699888558025745 0.8109372893326325 0.8013467945032837 0.8194846194214163 0.8467334830478491 0.7528153077853786 0.8624125185048218 0.6758889946275137 0.854160429373056 0.5835774188380758 0.8252780513052582 0.47417118287107063 0.8013467945032837 0.451948056168471 0.7807165055672516 0.451948056168471 0.7567853809785132 0.49297537753815734 0.7411063455215403 0.5442595634861465 0.7213013316053029 0.5579353600999627
0 0.8406303856882513 0.48987226561129954 0.8665386291773226 0.6399900713110978 0.8937705894187675 0.740848908717557 0.9358564423106263 0.7852952305945192 0.9647388203784241 0.7852952305945193 1 0.763072103891919 1 0.42630599743035735 0.9688650632641611 0.36989341342909793 0.9424581136160388 0.38527860758890864 0.898721842897827 0.3972449381849682 0.8838680824606486 0.4519480561684708 0.8574612650257624 0.5015227760987032
0 0.7529110874426374 0.34172411746315146 0.7873183090859003 0.44681965811520047 0.8252780513052584 0.4775901833783466 0.8723150254629405 0.46733331880004364 0.9028479535703278 0.3972449381849681 0.9053235142032392 0.2758723716219033 0.8648883435642056 0.204074524989071 0.8368309760897302 0.19210829710065497 0.7691635807827796 0.23142611821670356 0.7592610738246609 0.29296710027123307
0 0.630537251618509 0.2676500433890774 0.6255767010371133 0.3527986847797684 0.6396053186677327 0.4775901833783465 0.671788532388237 0.5271648348368166 0.7270777278909208 0.5647732241709896 0.7477080168269531 0.5288743008545734 0.768338305762985 0.4040828022559952 0.7567853809785132 0.3134807609560763 0.7336793991963333 0.25364924491930335 0.7089231318010363 0.23484505025221689 0.6536339362983524 0.23313558423446024
0 0.5157440958896807 0.28560739467976204 0.4902419104232121 0.3886976080961845 0.500144417381331 0.4946849120276762 0.5240756080766874 0.5630637581532328 0.5587345146433392 0.6006721474874056 0.5884421016243135 0.5459690295039029 0.6264019099502898 0.4519480561684707 0.6330035812557022 0.41946806488756794 0.6206253814514356 0.31860922748110865 0.5876168927111369 0.24168291432324399 0.5579093057301626 0.24510191483051977 0.5339781150348061 0.23826398228773044
0 0.47784069541318086 0.31703275943846004 0.49189232824956536 0.41092073479878444 0.47868891953212217 0.5151985727125195 0.4432048040522937 0.5955437494341353 0.4134971509647013 0.5904153513808652 0.38461477289690355 0.5767395547670491 0.3656349017872246 0.5049417081342166 0.3714113641794605 0.36818387893957877 0.383789563983727 0.28954816823571966 0.4118467331383483 0.25535871093706025 0.4423795951391173 0.2690345075508765
0 0.34138845369778126 0.3102987527044534 0.3697610124597254 0.3886976080961845 0.3639844178542533 0.5169081072020386 0.3392280843523383 0.5750300887492923 0.30952043126474593 0.629733206732795 0.26165818208726904 0.5647732241709895 0.2492799822830026 0.4946849120276761 0.2517556090225323 0.40750180276327075 0.26743464447950516 0.3510892187620115 0.2831137460430959 0.3254470915521357 0.3103456401779226 0.2844198386542117
0 0.19302371468976742 0.28111805685709085 0.2451539377171197 0.35963654885079527 0.25505644467523847 0.4519480561684709 0.24597914663029638 0.5579353600999626 0.21792191136905703 0.6058006140124382 0.17253522282449185 0.5801584868025625 0.1354006895183103 0.5117796406770059 0.12384776473383835 0.4160491328520545 0.13952673408419303 0.34596075223697903
0 0.2103509834790245 0.1037892128615802 0.18821425828146457 0.2297166521989467 0.22039753810858667 0.3425418202014655 0.2583572803279448 0.35621768528704406 0.30787001343839276 0.2895481682357196 0.32932551128760146 0.18868929659337919 0.29961799041324516 0.05364096765237928 0.24680435554347283 0.03996517103856306 0.20966982223729133 0.08612099316916311
0 0.3260246756348953 0 0.31364654193724667 0.07928306062637387 0.316947443696571 0.14937140700556836 0.3309759952205727 0.22116925363840073 0.366460110700401 0.24510191483051968 0.4011190172670529 0.2399734483054871 0.42670055968214443 0.17501356845132512 0.43412750600735156 0.08783039071515751 0.43412750600735167 0.03825570502080629 0.4258753507689679 0.0023567817043900767
0 0.4529327465286238 0.029715138787506135 0.4275257685953211 0.1015062558007361 0.41927367946355537 0.18356086430422772 0.4324770220743803 0.23997344830548709 0.45805863059609 0.29125763425347634 0.49601837281544797 0.30835236290280604 0.5282016526425702 0.26219664347984944 0.5620353502960456 0.21433138956737377 0.5686370216014579 0.14082411115266583 0.5554336789906329 0.07244519655534694 0.5290268615557466 0.017742044335963197 0.5009696262945074 0.02116097637147655
0 0.5645109770355752 0 0.5521327772313086 0.05876936570564953 0.5678118126882814 0.14766194098781163 0.5777143857530183 0.2092030257499847 0.6074220388406106 0.2365545162699737 0.6214505903646123 0.2519397789015467 0.6519835184719992 0.24681138084827647 0.6816910393463557 0.20749349126046568 0.692418821324269 0.15279037327696302 0.6990204926296816 0.06389776375891983 0.6907684034979158 0.005775713739903622
0 0.7095929154694944 0.0072684496741503195 0.69654493199677 0.06560733248431994 0.6932440963440636 0.17159456794404943 0.702321460495624 0.23484505025221689 0.7303785635436271 0.24681138084827642 0.7749401092816337 0.2485208468660331 0.8062981801955793 0.18185139828647104 0.831879722610671 0.12372931403157378 0.814550269327345 0.02628940866062799 0.7980459588505776 0.0023567817043901626