0 0.746875 0.09444444444444444 0.7822916666666667 0.09583333333333334 0.815625 0.10833333333333334 0.8520833333333333 0.13333333333333333 0.865625 0.1625 0.8645833333333334 0.1986111111111111 0.85625 0.23055555555555557 0.7927083333333333 0.3486111111111111 0.7239583333333334 0.44722222222222224 0.65 0.5 0.6145833333333334 0.5125 0.571875 0.5138888888888888 0.5541666666666667 0.5111111111111111 0.5114583333333333 0.4847222222222222 0.48541666666666666 0.44722222222222224 0.46979166666666666 0.39166666666666666 0.46875 0.3625 0.47291666666666665 0.3347222222222222 0.4864583333333333 0.29444444444444445 0.5510416666666667 0.20694444444444443 0.6020833333333333 0.1597222222222222 0.6770833333333334 0.10972222222222222 0.6989583333333333 0.10138888888888889
0 0.140625 0 0.5135416666666667 0 0.5135416666666667 0.06666666666666667 0.503125 0.09166666666666666 0.4739583333333333 0.13333333333333333 0.440625 0.16944444444444445 0.38229166666666664 0.22083333333333333 0.35625 0.2361111111111111 0.34479166666666666 0.2375 0.30416666666666664 0.22361111111111112 0.27291666666666664 0.2263888888888889 0.2520833333333333 0.2388888888888889 0.2125 0.2763888888888889 0.20833333333333334 0.2652777777777778 0.21770833333333334 0.25416666666666665 0.17083333333333334 0.2263888888888889 0.13333333333333333 0.14444444444444443 0.12395833333333334 0.09444444444444444 0.12395833333333334 0.058333333333333334 0.13125 0.020833333333333332
0 0.5020833333333333 0 0.7375 0.001388888888888889 0.7020833333333333 0.058333333333333334 0.665625 0.09305555555555556 0.6197916666666666 0.11944444444444445 0.571875 0.12777777777777777 0.5322916666666667 0.11805555555555555 0.5 0.09861111111111111 0.4979166666666667 0.08611111111111111 0.5041666666666667 0.05555555555555555
0 0.8291666666666667 0 0.8333333333333334 0.058333333333333334 0.840625 0.08611111111111111 0.8510416666666667 0.10972222222222222 0.878125 0.1361111111111111 0.909375 0.15416666666666667 0.9322916666666666 0.1597222222222222 0.965625 0.15833333333333333 1 0.14722222222222223 1 0
0 0.9989583333333333 0.2708333333333333 1 0.6638888888888889 0.978125 0.6819444444444445 0.9552083333333333 0.6916666666666667 0.9114583333333334 0.6625 0.8416666666666667 0.6791666666666667 0.8145833333333333 0.6416666666666667 0.80625 0.6152777777777778 0.8010416666666667 0.5708333333333333 0.8052083333333333 0.4986111111111111 0.8270833333333333 0.425 0.8552083333333333 0.36944444444444446 0.8927083333333333 0.3236111111111111 0.9458333333333333 0.2847222222222222
0 0.9072916666666667 0.6611111111111111 0.9395833333333333 0.675 0.95625 0.6958333333333333 0.9791666666666666 0.7458333333333333 0.984375 0.7736111111111111 0.9791666666666666 0.8847222222222222 0.965625 0.9541666666666667 0.9479166666666666 0.9986111111111111 0.7614583333333333 1 0.7458333333333333 0.9513888888888888 0.74375 0.9083333333333333 0.7572916666666667 0.8361111111111111 0.78125 0.7722222222222223 0.80625 0.725 0.8354166666666667 0.6888888888888889 0.8729166666666667 0.6666666666666666
0 0.2864583333333333 0.2222222222222222 0.328125 0.22916666666666666 0.34375 0.2388888888888889 0.375 0.2722222222222222 0.38958333333333334 0.3 0.4010416666666667 0.3388888888888889 0.40208333333333335 0.4013888888888889 0.38645833333333335 0.4722222222222222 0.36666666666666664 0.5166666666666667 0.34479166666666666 0.5527777777777778 0.296875 0.6125 0.25833333333333336 0.6361111111111111 0.23854166666666668 0.6416666666666667 0.2 0.6166666666666667 0.146875 0.5958333333333333 0.11979166666666667 0.5319444444444444 0.11354166666666667 0.48333333333333334 0.11458333333333333 0.4527777777777778 0.121875 0.4166666666666667 0.13541666666666666 0.3861111111111111 0.24895833333333334 0.24027777777777778 0.265625 0.2263888888888889
0 0.12708333333333333 0.6 0.184375 0.6069444444444444 0.23958333333333334 0.6430555555555556 0.26875 0.6805555555555556 0.28125 0.7138888888888889 0.2864583333333333 0.7444444444444445 0.284375 0.7986111111111112 0.26458333333333334 0.8652777777777778 0.22604166666666667 0.9027777777777778 0.17083333333333334 0.9277777777777778 0.11041666666666666 0.9277777777777778 0.06666666666666667 0.9055555555555556 0.041666666666666664 0.8541666666666666 0.03333333333333333 0.8083333333333333 0.029166666666666667 0.7388888888888889 0.035416666666666666 0.7 0.04583333333333333 0.6708333333333333 0.059375 0.6472222222222223 0.07916666666666666 0.6263888888888889
0 0.5041666666666667 0.5291666666666667 0.5583333333333333 0.5375 0.5979166666666667 0.5652777777777778 0.6114583333333333 0.5847222222222223 0.6260416666666667 0.6208333333333333 0.634375 0.6597222222222222 0.634375 0.6888888888888889 0.6177083333333333 0.7444444444444445 0.584375 0.7902777777777777 0.53125 0.8166666666666667 0.47708333333333336 0.8208333333333333 0.43854166666666666 0.8 0.409375 0.7597222222222222 0.40729166666666666 0.7277777777777777 0.4114583333333333 0.6819444444444445 0.40208333333333335 0.6194444444444445 0.42916666666666664 0.5763888888888888 0.46041666666666664 0.5444444444444444 0.48125 0.5333333333333333
0 0.7635416666666667 0.6069444444444444 0.8041666666666667 0.6125 0.8291666666666667 0.6652777777777777 0.83125 0.6902777777777778 0.7864583333333334 0.7652777777777777 0.7645833333333333 0.8194444444444444 0.7552083333333334 0.8555555555555555 0.746875 0.9027777777777778 0.746875 0.9375 0.7614583333333333 1 0.5333333333333333 1 0.5416666666666666 0.9555555555555556 0.54375 0.8888888888888888 0.5625 0.825 0.575 0.7958333333333333 0.6135416666666667 0.75 0.6333333333333333 0.6944444444444444 0.6958333333333333 0.6347222222222222 0.7302083333333333 0.6166666666666667
0 0.38229166666666664 0.8055555555555556 0.40625 0.8055555555555556 0.4510416666666667 0.8166666666666667 0.48333333333333334 0.8347222222222223 0.5145833333333333 0.8611111111111112 0.5302083333333333 0.8861111111111111 0.5416666666666666 0.9208333333333333 0.54375 0.9527777777777777 0.5354166666666667 0.9986111111111111 0.2833333333333333 1 0.284375 0.9861111111111112 0.2947916666666667 0.9763888888888889 0.303125 0.9555555555555556 0.30833333333333335 0.9291666666666667 0.30625 0.8861111111111111 0.309375 0.8541666666666666
0 0.8354166666666667 0.2722222222222222 0.878125 0.29305555555555557 0.8864583333333333 0.30694444444444446 0.8885416666666667 0.3236111111111111 0.8458333333333333 0.3875 0.8177083333333334 0.4527777777777778 0.803125 0.5222222222222223 0.803125 0.6083333333333333 0.8 0.6125 0.7458333333333333 0.6152777777777778 0.7104166666666667 0.6291666666666667 0.6739583333333333 0.6541666666666667 0.646875 0.6833333333333333 0.6354166666666666 0.6861111111111111 0.6291666666666667 0.6402777777777777 0.6166666666666667 0.6013888888888889 0.578125 0.5444444444444444 0.5822916666666667 0.5111111111111111 0.6489583333333333 0.49583333333333335 0.7145833333333333 0.4486111111111111 0.7666666666666667 0.3819444444444444 0.8208333333333333 0.28888888888888886