0 0.65625 0.13333333333333333 0.6796875 0.16666666666666666 0.72265625 0.13333333333333333 0.75390625 0.18888888888888888 0.765625 0.26666666666666666 0.75390625 0.46111111111111114 0.73046875 0.5222222222222223 0.6953125 0.5444444444444444 0.63671875 0.5111111111111111 0.609375 0.3611111111111111 0.609375 0.22777777777777777
0 0.8046875 0.1388888888888889 0.86328125 0.15555555555555556 0.90625 0.25 0.89453125 0.40555555555555556 0.83984375 0.5111111111111111 0.7890625 0.49444444444444446 0.7578125 0.4222222222222222 0.76171875 0.18888888888888888
0 0.90234375 0.16666666666666666 0.95703125 0.19444444444444445 0.9921875 0.3 0.9921875 0.4444444444444444 0.94921875 0.5555555555555556 0.91015625 0.5388888888888889 0.87109375 0.4722222222222222 0.8984375 0.35555555555555557 0.8828125 0.19444444444444445
0 0.75 0.5166666666666667 0.78125 0.5277777777777778 0.81640625 0.5888888888888889 0.83203125 0.7555555555555555 0.8203125 0.8444444444444444 0.7578125 0.9055555555555556 0.7265625 0.9055555555555556 0.69140625 0.8777777777777778 0.66796875 0.8166666666666667 0.66015625 0.6388888888888888 0.69140625 0.5444444444444444
0 0.86328125 0.4777777777777778 0.90234375 0.5277777777777778 0.91796875 0.5944444444444444 0.9296875 0.7666666666666667 0.90234375 0.8277777777777777 0.8515625 0.8555555555555555 0.81640625 0.8166666666666667 0.82421875 0.6444444444444445 0.7734375 0.5111111111111111 0.7890625 0.49444444444444446 0.84375 0.5055555555555555
0 0.578125 0.5333333333333333 0.62890625 0.5555555555555556 0.66015625 0.6833333333333333 0.640625 0.8611111111111112 0.58984375 0.9444444444444444 0.5625 0.9388888888888889 0.51953125 0.8777777777777778 0.49609375 0.7722222222222223 0.51171875 0.6111111111111112 0.54296875 0.5444444444444444
0 0.44140625 0.37777777777777777 0.484375 0.37777777777777777 0.53515625 0.4388888888888889 0.54296875 0.5555555555555556 0.50390625 0.6777777777777778 0.4296875 0.7444444444444445 0.37890625 0.6277777777777778 0.37109375 0.5277777777777778 0.3984375 0.4222222222222222
0 0.3359375 0.28888888888888886 0.38671875 0.3055555555555556 0.421875 0.37777777777777777 0.37890625 0.5055555555555555 0.38671875 0.6666666666666666 0.36328125 0.6833333333333333 0.3359375 0.6777777777777778 0.3125 0.6388888888888888 0.2578125 0.5 0.2578125 0.4111111111111111 0.27734375 0.35
0 0.2890625 0 0.390625 0 0.39453125 0.08333333333333333 0.4296875 0.17222222222222222 0.3984375 0.25555555555555554 0.33984375 0.2833333333333333 0.3125 0.24444444444444444 0.28515625 0.10555555555555556
0 0.39453125 0 0.52734375 0 0.515625 0.13333333333333333 0.4609375 0.18888888888888888 0.42578125 0.17222222222222222 0.39453125 0.08888888888888889
0 0.515625 0 0.52734375 0.18888888888888888 0.55859375 0.24444444444444444 0.58984375 0.24444444444444444 0.65625 0.14444444444444443 0.66796875 0.08333333333333333 0.66015625 0.011111111111111112
0 0.7890625 0 0.921875 0.011111111111111112 0.92578125 0.14444444444444443 0.9140625 0.18333333333333332 0.88671875 0.18888888888888888 0.828125 0.1388888888888889 0.79296875 0.06666666666666667
0 0.921875 0 0.9609375 0 0.9921875 0.08888888888888889 0.9921875 0.17222222222222222 0.96484375 0.22777777777777777 0.91015625 0.17777777777777778 0.92578125 0.14444444444444443