0 0.45533992973669796 0.7661914620474652 0.4518860238221339 0.8018818231646274 0.4680042514234328 0.8266348155523365 0.4777903181813645 0.8410260901963535 0.5036946125405951 0.8508121569542851 0.5226910950706976 0.8421773921678749 0.5295989068998257 0.8214539566804905 0.518085887184612 0.7920957564066958 0.5008163576117917 0.7719479719050719 0.47433641226680034 0.7581323482468156 0.4622477415658261 0.7587079992325763
0 0.399501784117912 0.8237565606235332 0.4282843334059459 0.8272104665380973 0.4680042514234328 0.8398747882248323 0.4674286004376722 0.8652034315983023 0.4651259964946295 0.8807460082138406 0.45591558072245864 0.8882294710287294 0.43346519227779207 0.8905320749717721 0.4104391528473648 0.8847755651141653 0.4018043880609547 0.8726868944131909 0.386837462431177 0.8582956197691739 0.3776270466590061 0.8502365059685245 0.38050530158780954 0.8364208823102681 0.3943209252460659 0.8220296076662511
0 0.29300635175218614 0.781158387677243 0.2740098692220837 0.8024574741503882 0.2659507554214342 0.8318156744241827 0.26479945344991285 0.8467826000539604 0.2814933320369726 0.870959941455909 0.2953089556952289 0.8795947062423192 0.3050950224531604 0.8888051220144901 0.32351585399750216 0.8865025180714474 0.3263941089263056 0.8652034315983023 0.3309993168123911 0.8444799961109178 0.33272626976967307 0.838723486253311 0.3356045246984765 0.8226052586520118 0.32696975991206634 0.8018818231646274 0.3200619480829381 0.7897931524636531 0.3085489283677246 0.7840366426060463
0 0.14333709545440934 0.7621619051471406 0.12894582081039235 0.7920957564066958 0.14045884052560595 0.8220296076662513 0.15254751122658022 0.8410260901963535 0.15657706812690497 0.8462069490681997 0.1790274565715715 0.8450556470966785 0.20550740191656278 0.8439043451251571 0.21011260980264823 0.8277861175238581 0.2089613078311269 0.8128191918940804 0.20320479797352006 0.7943983603497385 0.20147784501623803 0.7840366426060463 0.19572133515863124 0.7777044817626789 0.1847839664291783 0.7730992738765935 0.1738465976997254 0.7667671130332259 0.16751443685635792 0.7621619051471406 0.1531231622123409 0.7587079992325765
0 0.31545674019685266 0.6596960296817393 0.28206898302273326 0.6804194651691239 0.27285856725056234 0.7092020144571579 0.27055596330751963 0.7207150341723716 0.27573682217936574 0.7529514893749696 0.2889767948518614 0.7656158110617046 0.29991416358131434 0.7696453679620293 0.31948629709717746 0.7500732344461662 0.33445322272695516 0.7351063088163885 0.3488444973709721 0.7241689400869357 0.3551766582143396 0.7166854772720468 0.35747926215738235 0.7063237595283545 0.3592062151146644 0.6965376927704229 0.3592062151146644 0.6907811829128161 0.35229840328553624 0.6763899082687992 0.34308798751336533 0.6700577474254317 0.33445322272695516 0.6631499355963035 0.3177593441398954 0.6608473316532608 0.3125784852680493 0.6608473316532608
0 0.5462927854868854 0.6320647823652268 0.5267206519710224 0.6493343119380471 0.5284476049283043 0.6666038415108676 0.5359310677431932 0.6821464181264059 0.5439901815438427 0.6936594378416195 0.5589571071736203 0.6959620417846623 0.5687431739315519 0.6896298809412947 0.5756509857606802 0.6844490220694486 0.5814074956182869 0.6758142572830383 0.5900422604046971 0.6683307944681496 0.5963744212480646 0.6643012375678249 0.60097962913415 0.6608473316532608 0.602706582091432 0.6545151708098933 0.6015552801199107 0.6453047550377224 0.5877396564616544 0.633216084336748 0.5848614015328509 0.6314891313794662 0.5670162209742698 0.6263082725076199 0.556078852244817 0.6280352254649019
0 0.910679859473396 0.6792681631976025 0.8772921022992767 0.6948107398131409 0.8686573375128664 0.7057481085425938 0.8623251766694988 0.7253202420584569 0.8629008276552596 0.7328037048733459 0.8669303845555844 0.7466193285316022 0.8761408003277552 0.7529514893749696 0.8945616318720969 0.7535271403607304 0.9095285575018748 0.7529514893749696 0.9388867577756694 0.7500732344461662 0.9406137107329515 0.7391358657167133 0.941189361718712 0.7276228460014996 0.93946240876143 0.7207150341723716 0.9319789459465411 0.6971133437561836 0.928525040031977 0.6884785789697735 0.9152850673594813 0.6775412102403204
0 0.9947249033944553 0.6781168612260812 0.9814849307219595 0.6861759750267306 0.9711232129782672 0.6913568338985767 0.9601858442488144 0.701718551642269 0.9567319383342503 0.7097776654429185 0.9561562873484896 0.7253202420584569 0.9596101932630539 0.7374089127594312 0.9740014679070708 0.7402871676882347 0.9849388366365237 0.7431654226170379 0.9935736014229338 0.74489237557432 0.9993301112805407 0.7454680265600807 1 0.6786925122118418 0.9941492524086945 0.6781168612260812
0 0.8369965332960289 0.6815707671406454 0.8536904118830886 0.6925081358700982 0.8715355924416697 0.6936594378416195 0.8859268670856866 0.683873371083688 0.9020450946869857 0.6832977200979273 0.9020450946869858 0.6781168612260812 0.9003181417297037 0.6608473316532606 0.8997424907439431 0.6533638688383719 0.8939859808863362 0.6481830099665258 0.8905320749717721 0.6453047550377224 0.8801703572280799 0.6395482451801157 0.8726868944131911 0.6378212922228336 0.8611738746979775 0.6383969432085943 0.8559930158261313 0.6383969432085943 0.8462069490681997 0.6430021510946796 0.838723486253311 0.6573934257386967 0.8352695803387468 0.6683307944681496
0 0.7374089127594311 0.6182491587069705 0.7207150341723716 0.6309134803937054 0.7201393831866109 0.6314891313794659 0.7120802693859613 0.6401238961658762 0.7068994105141151 0.6568177747529359 0.7120802693859611 0.6740873043257564 0.7195637322008501 0.6809951161548845 0.7437410736027987 0.6832977200979271 0.7581323482468156 0.6815707671406452 0.7661914620474652 0.6717847003827137 0.7725236228908328 0.6619986336247821 0.7730992738765934 0.6550908217956539 0.773674924862354 0.6447291040519617 0.7633132071186618 0.6263082725076199 0.7627375561329012 0.6263082725076199 0.7569810462752944 0.6240056685645772 0.7466193285316022 0.6222787156072952
0 0.8830486121568834 0.5658649190027486 0.9095285575018746 0.5572301542163383 0.930251992989259 0.5601084091451417 0.9434919656617546 0.5693188249173126 0.9446432676332761 0.5698944759030733 0.9515510794624042 0.5733483818176374 0.9665180050921818 0.5871640054758938 0.9711232129782673 0.6027065820914321 0.9711232129782673 0.6038578840629534 0.9434919656617546 0.6101900449063209 0.9314032949607804 0.6096143939205603 0.9175876713025242 0.6073117899775174 0.9072259535588318 0.6050091860344747 0.8928346789148147 0.5963744212480646 0.8847755651141653 0.583134448575569 0.8807460082138404 0.573924032803398 0.8818973101853619 0.5698944759030733
0 0.7621619051471406 0.5635623150597059 0.773674924862354 0.5497466914014495 0.7857635955633282 0.5491710404156889 0.7967009642927814 0.5497466914014495 0.8099409369652768 0.5532005973160136 0.8145461448513623 0.5612597111166631 0.816848748794405 0.5641379660454665 0.8300887214669007 0.5802561936467655 0.8300887214669007 0.5837100995613296 0.8318156744241827 0.5957987702623039 0.8318156744241827 0.602706582091432 0.8306643724526613 0.6096143939205602 0.8300887214669007 0.613643950820885 0.8226052586520118 0.6205517626500132 0.8174243997801658 0.6222787156072952 0.8105165879510376 0.6222787156072952 0.8076383330222342 0.6222787156072952 0.8001548702073453 0.618824809692731 0.7961253133070205 0.6124926488493636 0.7955496623212599 0.6113413468778423 0.7897931524636532 0.6050091860344747 0.7817340386630036 0.6004039781483893 0.773674924862354 0.5911935623762185 0.7667671130332259 0.5802561936467655 0.7656158110617046 0.5791048916752441 0.7610106031756191 0.5704701268888339 0.7627375561329012 0.5670162209742698
0 0.5526249463302529 0.5952231192765433 0.5756509857606801 0.5762266367464408 0.6015552801199108 0.5716214288603554 0.6084630919490389 0.5716214288603554 0.6222787156072952 0.5744996837891587 0.6217030646215346 0.5791048916752443 0.6251569705360986 0.5796805426610049 0.6251569705360986 0.5837100995613297 0.6222787156072952 0.5871640054758938 0.6211274136357738 0.5998283271626287 0.6165222057496884 0.6090387429347995 0.6032822330771928 0.6176735077212097 0.597525723219586 0.6228543665930558 0.5877396564616544 0.6251569705360986 0.5768022877322015 0.6251569705360986 0.5681675229457913 0.6251569705360986 0.5618353621024238 0.6205517626500132 0.556078852244817 0.6147952527924064 0.5503223423872101 0.60097962913415 0.546868436472646 0.5969500722338252
0 0.6418508491231584 0.5595327581593812 0.6619986336247821 0.5612597111166631 0.6706333984111923 0.5762266367464407 0.6890542299555341 0.5848614015328509 0.6936594378416195 0.5877396564616544 0.7028698536137903 0.5952231192765431 0.7028698536137903 0.5969500722338252 0.6907811829128161 0.6027065820914321 0.6735116533399956 0.6090387429347995 0.6694820964396708 0.6107656958920815 0.6614229826390214 0.613643950820885 0.6539395198241325 0.6147952527924063 0.6435778020804402 0.6067361389917568 0.6337917353225089 0.599252676176868 0.6263082725076199 0.5837100995613296 0.6251569705360985 0.5785292406894835 0.644153453066201 0.5589571071736203
0 0 0.7038212017495046 0.02913421096566577 0.7053545812740134 0.058268421931331575 0.7007544427004871 0.0736022171764188 0.6946209246024523 0.09200277147052346 0.6946209246024523 0.10426980766659329 0.7130214788965571 0.10886994624011948 0.7268218946171355 0.10733656671561076 0.7390889308132053 0.09660291004404967 0.7544227260582926 0.0674686990783839 0.7605562441563275 0.04753476525977049 0.7559561055828014 0.035267729063700674 0.7498225874847664 0.027600831441157065 0.746755828435749 0 0.7375555512886967
0 0.0030667590490174442 0.785090316548467 0.02300069286763092 0.8004241117935543 0.0414012471617356 0.8034908708425716 0.0506015243087879 0.8080910094160979 0.06593531955387517 0.8280249432347114 0.0736022171764188 0.835691840857255 0.07666897622543624 0.846425497528816 0.07666897622543624 0.8602259132493946 0.0674686990783839 0.8648260518229208 0.05366828335780538 0.869426190396447 0.032200970014683236 0.863292672298412 0.016867174769595976 0.8556257746758684 0.015333795245087255 0.8510256361023422 0.010733656671561089 0.8433587384797987 0.007666897622543645 0.8218914251366765 0.007666897622543645 0.8065576298915892
0 0.7084213403230308 0.4707475140241785 0.6700868522103127 0.4722808935486872 0.6762203703083476 0.5090820021368966 0.6746869907838389 0.5213490383329664 0.6746869907838389 0.5336160745290363 0.6946209246024523 0.5382162131025624 0.7099547198475396 0.5320826950045275 0.7130214788965571 0.52901593595551 0.7191549969945917 0.5060152430878792 0.7252885150926268 0.4983483454653356 0.7268218946171355 0.4922148273673007 0.7206883765191007 0.47228089354868724 0.7160882379455744 0.47228089354868724
0 0.8770930880189904 0.5320826950045275 0.9092940580336737 0.5152155202349316 0.9261612328032698 0.5090820021368965 0.9384282689993396 0.5044818635633704 0.952228684719918 0.5106153816614052 0.9552954437689353 0.5213490383329663 0.9583622028179529 0.5320826950045274 0.9598955823424616 0.5443497312005973 0.952228684719918 0.5550833878721584 0.9200277147052348 0.5566167673966671 0.9138941966071998 0.5566167673966671 0.880159847068008 0.5596835264456845 0.8755597084944817 0.5596835264456845 0.8709595699209557 0.5566167673966671 0.8709595699209556 0.5320826950045275
0 0.6562864364897342 0.406345573994812 0.663953334112278 0.406345573994812 0.6716202317348212 0.3956119173232509 0.6777537498328561 0.39254515827423353 0.6823538884063827 0.3910117787497248 0.6900207860289261 0.38027812207816375 0.6777537498328563 0.3634109473085677 0.6731536112593302 0.35881080873504156 0.6639533341122779 0.35727742921053285 0.6486195388671905 0.35727742921053285 0.6394192617201382 0.35727742921053285 0.634819123146612 0.35727742921053285 0.6271522255240684 0.37261122445562006 0.6256188459995595 0.37874474255365503 0.6118184302789813 0.39714529684775973