0 0.7805555555555556 0.42604166666666665 0.8152777777777778 0.4270833333333333 0.8541666666666666 0.4427083333333333 0.8736111111111111 0.4708333333333333 0.8777777777777778 0.5114583333333333 0.8652777777777778 0.546875 0.8263888888888888 0.58125 0.8 0.59375 0.7541666666666667 0.59375 0.7222222222222222 0.5864583333333333 0.6930555555555555 0.5645833333333333 0.6888888888888889 0.5510416666666667 0.6902777777777778 0.4947916666666667 0.7166666666666667 0.45625 0.7458333333333333 0.4354166666666667
0 0.6208333333333333 0.5020833333333333 0.6569444444444444 0.5041666666666667 0.6861111111111111 0.5208333333333334 0.6902777777777778 0.5625 0.6972222222222222 0.5791666666666667 0.6972222222222222 0.5958333333333333 0.6888888888888889 0.609375 0.6708333333333333 0.6260416666666667 0.6180555555555556 0.6427083333333333 0.5527777777777778 0.6447916666666667 0.5236111111111111 0.6375 0.5027777777777778 0.6208333333333333 0.49166666666666664 0.596875 0.4930555555555556 0.578125 0.5097222222222222 0.5458333333333333 0.5375 0.5260416666666666 0.5819444444444445 0.5104166666666666
0 0.7013888888888888 0.6177083333333333 0.7625 0.625 0.7666666666666667 0.6322916666666667 0.7097222222222223 0.665625 0.5972222222222222 0.7145833333333333 0.5472222222222223 0.7333333333333333 0.5305555555555556 0.7333333333333333 0.5291666666666667 0.7208333333333333 0.5375 0.6927083333333334 0.5611111111111111 0.6666666666666666 0.5819444444444445 0.6520833333333333 0.6138888888888889 0.6395833333333333
0 0.9236111111111112 0.5208333333333334 0.9583333333333334 0.5239583333333333 0.9777777777777777 0.5302083333333333 0.9777777777777777 0.534375 0.9680555555555556 0.54375 0.9125 0.5739583333333333 0.8125 0.6208333333333333 0.8 0.625 0.7819444444444444 0.621875 0.7944444444444444 0.603125 0.8402777777777778 0.5708333333333333 0.875 0.5375 0.9 0.525
0 0.4861111111111111 0.7104166666666667 0.5347222222222222 0.7135416666666666 0.5402777777777777 0.7208333333333333 0.5402777777777777 0.734375 0.5152777777777777 0.75 0.37222222222222223 0.8166666666666667 0.35555555555555557 0.8229166666666666 0.3416666666666667 0.8229166666666666 0.3541666666666667 0.7958333333333333 0.39444444444444443 0.75625 0.4597222222222222 0.7177083333333333
0 0.25833333333333336 0.7645833333333333 0.2902777777777778 0.765625 0.32222222222222224 0.778125 0.3416666666666667 0.7979166666666667 0.3388888888888889 0.8239583333333333 0.325 0.8354166666666667 0.29444444444444445 0.85 0.20833333333333334 0.8833333333333333 0.15694444444444444 0.928125 0.1361111111111111 0.9375 0.11944444444444445 0.925 0.11666666666666667 0.9 0.10138888888888889 0.8729166666666667 0.10972222222222222 0.8572916666666667 0.175 0.803125 0.21944444444444444 0.778125
0 0.2513888888888889 0.63125 0.3111111111111111 0.6354166666666666 0.3277777777777778 0.6541666666666667 0.32222222222222224 0.7083333333333334 0.30277777777777776 0.7385416666666667 0.26944444444444443 0.7614583333333333 0.22916666666666666 0.7739583333333333 0.18888888888888888 0.7927083333333333 0.125 0.8041666666666667 0.06527777777777778 0.803125 0.05694444444444444 0.7864583333333334 0.06111111111111111 0.753125 0.0763888888888889 0.7260416666666667 0.10138888888888889 0.6979166666666666 0.13472222222222222 0.6729166666666667 0.16944444444444445 0.6552083333333333 0.2152777777777778 0.6385416666666667
0 0.43194444444444446 0.5791666666666667 0.4444444444444444 0.5864583333333333 0.44583333333333336 0.5989583333333334 0.44722222222222224 0.5885416666666666 0.4583333333333333 0.5864583333333333 0.4583333333333333 0.5927083333333333 0.4777777777777778 0.6083333333333333 0.48333333333333334 0.6510416666666666 0.5125 0.6635416666666667 0.5222222222222223 0.6708333333333333 0.5222222222222223 0.6770833333333334 0.4847222222222222 0.7104166666666667 0.39861111111111114 0.753125 0.3625 0.7520833333333333 0.3402777777777778 0.7395833333333334 0.33055555555555555 0.721875 0.325 0.696875 0.32916666666666666 0.6604166666666667 0.34305555555555556 0.6354166666666666 0.3625 0.6145833333333334 0.3888888888888889 0.5958333333333333
0 0.9486111111111111 0.3645833333333333 1 0.378125 1 0.528125 0.9875 0.5322916666666667 0.925 0.5239583333333333 0.9055555555555556 0.5135416666666667 0.8791666666666667 0.484375 0.8638888888888889 0.446875 0.8680555555555556 0.41770833333333335 0.8791666666666667 0.4010416666666667 0.9208333333333333 0.3729166666666667
0 0.8805555555555555 0.27291666666666664 0.9236111111111112 0.28229166666666666 0.9458333333333333 0.2989583333333333 0.9569444444444445 0.33125 0.9430555555555555 0.359375 0.9125 0.38125 0.8694444444444445 0.39895833333333336 0.8194444444444444 0.403125 0.7902777777777777 0.3958333333333333 0.7652777777777777 0.36770833333333336 0.7638888888888888 0.35 0.7708333333333334 0.32916666666666666 0.7833333333333333 0.315625 0.825 0.28854166666666664 0.8541666666666666 0.27708333333333335
0 0.6486111111111111 0.34791666666666665 0.6986111111111111 0.35104166666666664 0.7305555555555555 0.36666666666666664 0.7402777777777778 0.375 0.7472222222222222 0.390625 0.7472222222222222 0.42916666666666664 0.7388888888888889 0.44375 0.7069444444444445 0.46458333333333335 0.6583333333333333 0.475 0.6069444444444444 0.47604166666666664 0.5819444444444445 0.465625 0.5652777777777778 0.44895833333333335 0.5597222222222222 0.4322916666666667 0.5611111111111111 0.4041666666666667 0.5666666666666667 0.390625 0.6041666666666666 0.3625
0 0.5263888888888889 0.421875 0.5444444444444444 0.421875 0.5527777777777778 0.4270833333333333 0.5722222222222222 0.46145833333333336 0.5986111111111111 0.48125 0.5916666666666667 0.5072916666666667 0.5694444444444444 0.5208333333333334 0.5388888888888889 0.5291666666666667 0.4875 0.565625 0.44722222222222224 0.5739583333333333 0.4125 0.5666666666666667 0.3972222222222222 0.5489583333333333 0.39305555555555555 0.534375 0.3958333333333333 0.4979166666666667 0.4111111111111111 0.47291666666666665 0.46111111111111114 0.4375 0.49583333333333335 0.42604166666666665
0 0.3458333333333333 0.490625 0.37222222222222223 0.49270833333333336 0.3902777777777778 0.5145833333333333 0.39444444444444443 0.55 0.38055555555555554 0.5635416666666667 0.38472222222222224 0.5958333333333333 0.3597222222222222 0.6208333333333333 0.34305555555555556 0.6302083333333334 0.2777777777777778 0.6354166666666666 0.23333333333333334 0.625 0.2125 0.6104166666666667 0.20277777777777778 0.59375 0.2013888888888889 0.5697916666666667 0.20833333333333334 0.55625 0.2222222222222222 0.5416666666666666 0.24583333333333332 0.5270833333333333 0.3125 0.49895833333333334
0 0.16666666666666666 0.5572916666666666 0.18194444444444444 0.5572916666666666 0.19444444444444445 0.5635416666666667 0.20694444444444443 0.5947916666666667 0.23333333333333334 0.634375 0.18472222222222223 0.6510416666666666 0.17083333333333334 0.6614583333333334 0.14027777777777778 0.6739583333333333 0.11666666666666667 0.6802083333333333 0.0625 0.6833333333333333 0.02361111111111111 0.6729166666666667 0.016666666666666666 0.6645833333333333 0.0125 0.64375 0.03194444444444444 0.6041666666666666 0.08055555555555556 0.5770833333333333
0 0.1388888888888889 0.45 0.16805555555555557 0.45416666666666666 0.15138888888888888 0.4895833333333333 0.1486111111111111 0.509375 0.15694444444444444 0.53125 0.18333333333333332 0.5489583333333333 0.10694444444444444 0.5677083333333334 0.05 0.59375 0 0.596875 0 0.503125 0.05 0.47604166666666664 0.1111111111111111 0.4552083333333333
0 0.25555555555555554 0.4083333333333333 0.29583333333333334 0.409375 0.31666666666666665 0.4270833333333333 0.3277777777777778 0.44166666666666665 0.33194444444444443 0.48125 0.3263888888888889 0.4947916666666667 0.2152777777777778 0.55 0.17777777777777778 0.55 0.15694444444444444 0.5375 0.14722222222222223 0.521875 0.14722222222222223 0.496875 0.1597222222222222 0.465625 0.18055555555555555 0.4395833333333333 0.2 0.42604166666666665 0.23055555555555557 0.4125
0 0.4652777777777778 0.3177083333333333 0.49583333333333335 0.32395833333333335 0.5222222222222223 0.346875 0.5333333333333333 0.3729166666666667 0.5291666666666667 0.40520833333333334 0.5097222222222222 0.421875 0.45555555555555555 0.446875 0.44027777777777777 0.4510416666666667 0.4 0.4479166666666667 0.3763888888888889 0.43125 0.3680555555555556 0.4166666666666667 0.3638888888888889 0.390625 0.37083333333333335 0.36770833333333336 0.4263888888888889 0.3260416666666667
0 0.6305555555555555 0.24895833333333334 0.6444444444444445 0.2552083333333333 0.6541666666666667 0.2760416666666667 0.6569444444444444 0.3177083333333333 0.6513888888888889 0.33541666666666664 0.6416666666666667 0.35 0.5972222222222222 0.365625 0.5611111111111111 0.39375 0.5458333333333333 0.375 0.5277777777777778 0.328125 0.5277777777777778 0.303125 0.5361111111111111 0.28020833333333334 0.5486111111111112 0.26666666666666666 0.5638888888888889 0.2604166666666667
0 0.275 0.33958333333333335 0.29305555555555557 0.340625 0.2875 0.35208333333333336 0.2972222222222222 0.4010416666666667 0.29305555555555557 0.4083333333333333 0.2388888888888889 0.41354166666666664 0.20694444444444443 0.42604166666666665 0.16805555555555557 0.4510416666666667 0.12638888888888888 0.446875 0.10694444444444444 0.434375 0.10138888888888889 0.42083333333333334 0.10277777777777777 0.40208333333333335 0.10694444444444444 0.3885416666666667 0.12083333333333333 0.375 0.15 0.36041666666666666 0.19305555555555556 0.35
0 0.7555555555555555 0.23125 0.7875 0.23229166666666667 0.8125 0.24270833333333333 0.8375 0.2635416666666667 0.8402777777777778 0.2791666666666667 0.7833333333333333 0.31666666666666665 0.7555555555555555 0.35 0.7138888888888889 0.35104166666666664 0.6458333333333334 0.34479166666666666 0.6527777777777778 0.29375 0.6486111111111111 0.26666666666666666 0.6458333333333334 0.2625 0.6194444444444445 0.26145833333333335 0.6013888888888889 0.253125 0.6722222222222223 0.24791666666666667