0 0.23497267759562843 0.521978021978022 0.30601092896174864 0.532967032967033 0.3770491803278688 0.5989010989010989 0.3989071038251366 0.6593406593406593 0.3989071038251366 0.7967032967032966 0.3770491803278688 0.8791208791208791 0.32786885245901637 0.9505494505494505 0.26229508196721313 0.945054945054945 0.25136612021857924 0.967032967032967 0.20218579234972678 0.967032967032967 0.1092896174863388 0.8736263736263736 0.08743169398907104 0.7582417582417582 0.1092896174863388 0.6758241758241759
0 0.5027322404371585 0.5494505494505495 0.5519125683060109 0.5659340659340659 0.6065573770491803 0.6208791208791209 0.6830601092896175 0.7912087912087912 0.6775956284153005 0.9065934065934066 0.5901639344262295 1 0.5628415300546448 0.9725274725274725 0.4918032786885246 0.9615384615384616 0.4426229508196721 0.9065934065934066 0.4098360655737705 0.8241758241758241 0.3989071038251366 0.6428571428571429 0.43169398907103823 0.5879120879120879
0 0.639344262295082 0.510989010989011 0.6939890710382514 0.510989010989011 0.7595628415300546 0.5714285714285714 0.8907103825136612 0.6208791208791209 0.9344262295081968 0.6978021978021978 0.9344262295081968 0.7472527472527473 0.8907103825136612 0.8021978021978022 0.7814207650273224 0.8021978021978022 0.6721311475409836 0.7472527472527473 0.6010928961748634 0.6208791208791209 0.6065573770491803 0.5494505494505495
0 0.6830601092896175 0.7747252747252747 0.8087431693989071 0.8076923076923077 0.9016393442622951 0.8626373626373627 0.9672131147540983 1 0.5956284153005464 1 0.6666666666666666 0.9340659340659341
0 0.7213114754098361 0.2802197802197802 0.8306010928961749 0.29120879120879123 0.9289617486338798 0.34615384615384615 0.9781420765027322 0.45604395604395603 0.9508196721311475 0.5879120879120879 0.8907103825136612 0.5604395604395604 0.8852459016393442 0.6043956043956044 0.825136612021858 0.5989010989010989 0.6994535519125683 0.521978021978022 0.6666666666666666 0.45604395604395603 0.6612021857923497 0.38461538461538464 0.6939890710382514 0.29120879120879123
0 0.40437158469945356 0.3241758241758242 0.46994535519125685 0.32967032967032966 0.5081967213114754 0.3626373626373626 0.546448087431694 0.4725274725274725 0.4972677595628415 0.5494505494505495 0.37158469945355194 0.5769230769230769 0.29508196721311475 0.532967032967033 0.2786885245901639 0.46153846153846156 0.32786885245901637 0.3626373626373626
0 0.16393442622950818 0.31868131868131866 0.3224043715846995 0.35714285714285715 0.26229508196721313 0.4835164835164835 0.14754098360655737 0.5824175824175825 0.08196721311475409 0.5989010989010989 0.00546448087431694 0.5879120879120879 0 0.4175824175824176 0.07103825136612021 0.35714285714285715
0 0.546448087431694 0.016483516483516484 0.6557377049180327 0.02197802197802198 0.73224043715847 0.07142857142857142 0.7540983606557377 0.14285714285714285 0.6994535519125683 0.21978021978021978 0.5573770491803278 0.21428571428571427 0.4918032786885246 0.15934065934065933 0.4808743169398907 0.12637362637362637 0.5300546448087432 0.12087912087912088 0.4972677595628415 0.038461538461538464
0 0.8633879781420765 0.08791208791208792 1 0.0989010989010989 0.994535519125683 0.3021978021978022 0.8907103825136612 0.31868131868131866 0.7814207650273224 0.2802197802197802 0.726775956284153 0.23626373626373626 0.7540983606557377 0.14835164835164835
0 0.7103825136612022 0 1 0 1 0.0989010989010989 0.7704918032786885 0.0989010989010989 0.6939890710382514 0.03296703296703297
0 0.33879781420765026 0.12637362637362637 0.44808743169398907 0.14285714285714285 0.5027322404371585 0.17032967032967034 0.5300546448087432 0.21978021978021978 0.44808743169398907 0.2967032967032967 0.34972677595628415 0.34615384615384615 0.24043715846994534 0.3516483516483517 0.18579234972677597 0.32967032967032966 0.18032786885245902 0.3021978021978022 0.26229508196721313 0.25274725274725274 0.3005464480874317 0.19230769230769232 0.30601092896174864 0.13736263736263737