0 0.5395833333333333 0.69765625 0.5697916666666667 0.6984375 0.603125 0.70390625 0.6364583333333333 0.71640625 0.6541666666666667 0.7265625 0.6822916666666666 0.75859375 0.6854166666666667 0.7875 0.68125 0.79453125 0.646875 0.80078125 0.56875 0.803125 0.53125 0.7984375 0.5114583333333333 0.78984375 0.4864583333333333 0.7671875 0.48125 0.75625 0.4822916666666667 0.74296875 0.49583333333333335 0.71171875 0.5104166666666666 0.703125
0 0.5177083333333333 0.79921875 0.5760416666666667 0.80390625 0.6447916666666667 0.8046875 0.659375 0.8140625 0.6895833333333333 0.82109375 0.6885416666666667 0.8390625 0.678125 0.8625 0.646875 0.8796875 0.609375 0.8859375 0.5583333333333333 0.88828125 0.5197916666666667 0.87890625 0.49375 0.86171875 0.48854166666666665 0.83984375 0.48854166666666665 0.81796875 0.49270833333333336 0.809375 0.5020833333333333 0.803125
0 0.459375 0.7625 0.4635416666666667 0.7625 0.46458333333333335 0.7703125 0.471875 0.77109375 0.49895833333333334 0.79453125 0.490625 0.79453125 0.490625 0.79765625 0.4822916666666667 0.80078125 0.49166666666666664 0.8359375 0.49166666666666664 0.8609375 0.48020833333333335 0.88515625 0.4583333333333333 0.89609375 0.4427083333333333 0.9 0.4239583333333333 0.896875 0.4114583333333333 0.890625 0.39895833333333336 0.88125 0.38645833333333335 0.86171875 0.3770833333333333 0.85703125 0.36875 0.80234375 0.38958333333333334 0.8 0.4166666666666667 0.7921875 0.4375 0.78046875
0 0.440625 0.68046875 0.4666666666666667 0.6828125 0.4947916666666667 0.69921875 0.5 0.7109375 0.4875 0.7375 0.4666666666666667 0.76171875 0.43020833333333336 0.78828125 0.396875 0.803125 0.37604166666666666 0.8046875 0.34375 0.78984375 0.33958333333333335 0.78515625 0.33645833333333336 0.75390625 0.340625 0.734375 0.35208333333333336 0.7203125 0.3729166666666667 0.70625 0.4010416666666667 0.69140625
0 0.20625 0.6765625 0.23958333333333334 0.6796875 0.2635416666666667 0.68828125 0.271875 0.68671875 0.28229166666666666 0.69609375 0.3302083333333333 0.7203125 0.33958333333333335 0.72109375 0.340625 0.73046875 0.33125 0.74921875 0.32916666666666666 0.76953125 0.334375 0.7828125 0.35 0.79375 0.34375 0.8125 0.32708333333333334 0.81171875 0.31354166666666666 0.815625 0.2864583333333333 0.8140625 0.24270833333333333 0.790625 0.21666666666666667 0.76875 0.19791666666666666 0.74453125 0.18645833333333334 0.7171875 0.18958333333333333 0.69609375 0.196875 0.68359375
0 0.23125 0.5765625 0.25104166666666666 0.578125 0.2833333333333333 0.5875 0.2989583333333333 0.596875 0.3145833333333333 0.6015625 0.33229166666666665 0.61640625 0.34270833333333334 0.63203125 0.3375 0.65 0.31145833333333334 0.6625 0.2864583333333333 0.66875 0.2677083333333333 0.67890625 0.253125 0.67734375 0.23020833333333332 0.66796875 0.18125 0.66328125 0.1625 0.6484375 0.15520833333333334 0.63515625 0.15208333333333332 0.61953125 0.15833333333333333 0.6046875 0.17604166666666668 0.58828125 0.20520833333333333 0.578125
0 0.33541666666666664 0.48046875 0.3697916666666667 0.4859375 0.375 0.51796875 0.36041666666666666 0.540625 0.340625 0.56015625 0.33229166666666665 0.57734375 0.328125 0.603125 0.3260416666666667 0.60625 0.31979166666666664 0.60625 0.29270833333333335 0.6 0.271875 0.5890625 0.253125 0.584375 0.24375 0.57890625 0.24270833333333333 0.57109375 0.25416666666666665 0.53828125 0.271875 0.515625 0.3177083333333333 0.48359375
0 0.5083333333333333 0.38515625 0.5677083333333334 0.3890625 0.60625 0.40625 0.6114583333333333 0.42890625 0.6041666666666666 0.44375 0.5885416666666666 0.46015625 0.571875 0.47109375 0.4666666666666667 0.4703125 0.45 0.4609375 0.41770833333333335 0.4328125 0.4125 0.415625 0.43125 0.39375 0.45416666666666666 0.38828125
0 0.496875 0.46640625 0.5385416666666667 0.46875 0.5697916666666667 0.47890625 0.5739583333333333 0.4859375 0.5677083333333334 0.503125 0.5427083333333333 0.52421875 0.49895833333333334 0.55 0.4583333333333333 0.5609375 0.44583333333333336 0.5609375 0.45 0.5234375 0.4375 0.51875 0.428125 0.51875 0.425 0.5234375 0.41875 0.52109375 0.39791666666666664 0.521875 0.396875 0.50703125 0.409375 0.49609375 0.4479166666666667 0.47734375
0 0.42604166666666665 0.521875 0.44479166666666664 0.52578125 0.4479166666666667 0.5390625 0.44479166666666664 0.56484375 0.4197916666666667 0.63359375 0.4083333333333333 0.640625 0.3645833333333333 0.63671875 0.340625 0.621875 0.33541666666666664 0.6078125 0.33541666666666664 0.5796875 0.34479166666666666 0.5578125 0.35833333333333334 0.5421875 0.37916666666666665 0.53046875
0 0.44583333333333336 0.61171875 0.5333333333333333 0.61640625 0.5677083333333334 0.62890625 0.5833333333333334 0.64453125 0.596875 0.66875 0.5916666666666667 0.6859375 0.5770833333333333 0.69453125 0.5104166666666666 0.69296875 0.490625 0.68828125 0.4583333333333333 0.67421875 0.440625 0.659375 0.42604166666666665 0.634375 0.43125 0.61796875
0 0.6041666666666666 0.52109375 0.6239583333333333 0.525 0.6416666666666667 0.5421875 0.6479166666666667 0.5703125 0.646875 0.59453125 0.6395833333333333 0.6109375 0.6270833333333333 0.625 0.5802083333333333 0.6359375 0.5552083333333333 0.625 0.540625 0.609375 0.5364583333333334 0.57109375 0.5427083333333333 0.5546875 0.5604166666666667 0.540625 0.584375 0.5265625
0 0.68125 0.50390625 0.7145833333333333 0.5125 0.73125 0.525 0.7416666666666667 0.54140625 0.7489583333333333 0.5703125 0.75625 0.5828125 0.75625 0.59375 0.7447916666666666 0.60078125 0.6947916666666667 0.60390625 0.6833333333333333 0.61484375 0.6708333333333333 0.61484375 0.6645833333333333 0.6046875 0.6520833333333333 0.5953125 0.6395833333333333 0.53046875 0.6510416666666666 0.51640625
0 0.7447916666666666 0.5859375 0.7625 0.59140625 0.7739583333333333 0.6109375 0.784375 0.6453125 0.7854166666666667 0.67265625 0.7791666666666667 0.6890625 0.765625 0.7046875 0.734375 0.709375 0.70625 0.68046875 0.6677083333333333 0.66171875 0.6666666666666666 0.634375 0.6729166666666667 0.61171875 0.68125 0.60078125 0.7104166666666667 0.58828125
0 0.6427083333333333 0.6640625 0.6822916666666666 0.66640625 0.7083333333333334 0.678125 0.734375 0.70625 0.7333333333333333 0.72890625 0.6979166666666666 0.73359375 0.6947916666666667 0.74140625 0.6677083333333333 0.74140625 0.6572916666666667 0.734375 0.6375 0.72890625 0.6270833333333333 0.72109375 0.5947916666666667 0.71484375 0.5885416666666666 0.71015625 0.584375 0.7 0.590625 0.68125 0.61875 0.6671875
0 0.7114583333333333 0.71875 0.7385416666666667 0.725 0.753125 0.74609375 0.75 0.77890625 0.721875 0.81171875 0.678125 0.8328125 0.6322916666666667 0.80703125 0.6020833333333333 0.80390625 0.66875 0.79765625 0.68125 0.79296875 0.68125 0.76484375 0.6635416666666667 0.734375
0 0.6145833333333334 0.42890625 0.6145833333333334 0.43359375 0.634375 0.4328125 0.6614583333333334 0.44453125 0.675 0.459375 0.6802083333333333 0.4734375 0.68125 0.4859375 0.6729166666666667 0.51015625 0.6614583333333334 0.5140625 0.640625 0.5328125 0.6354166666666666 0.5328125 0.6229166666666667 0.52265625 0.60625 0.515625 0.59375 0.49921875 0.5770833333333333 0.49453125 0.575 0.46484375 0.58125 0.46328125 0.6041666666666666 0.434375
0 0.23333333333333334 0.48828125 0.25625 0.48984375 0.275 0.5046875 0.26875 0.521875 0.25 0.54765625 0.24270833333333333 0.57109375 0.22916666666666666 0.57890625 0.21354166666666666 0.5796875 0.190625 0.58671875 0.171875 0.58671875 0.165625 0.58203125 0.16041666666666668 0.5703125 0.16979166666666667 0.5171875 0.190625 0.49765625