0 0.4563106796116505 0 0.5485436893203883 0.019417475728155338 0.5776699029126213 0.05825242718446602 0.587378640776699 0.12135922330097088 0.5485436893203883 0.20388349514563106 0.441747572815534 0.2524271844660194 0.3155339805825243 0.2524271844660194 0.18446601941747573 0.20388349514563106 0.1796116504854369 0.1407766990291262 0.22330097087378642 0.05825242718446602 0.3155339805825243 0.019417475728155338
0 0.3058252427184466 0.8446601941747572 0.34951456310679613 0.8543689320388349 0.41262135922330095 0.9029126213592233 0.4174757281553398 0.9660194174757282 0.3932038834951456 1 0.11165048543689321 1 0.038834951456310676 0.9611650485436893 0.05825242718446602 0.8980582524271845 0.10679611650485436 0.8640776699029126 0.24271844660194175 0.8640776699029126
0 0.6699029126213593 0.8689320388349514 0.7281553398058253 0.8786407766990292 0.7669902912621359 0.9077669902912622 0.7766990291262136 1 0.3932038834951456 1 0.4563106796116505 0.9077669902912622 0.587378640776699 0.9029126213592233
0 0.9805825242718447 0.9077669902912622 1 0.9077669902912622 1 1 0.7718446601941747 1 0.7864077669902912 0.9514563106796117 0.8155339805825242 0.9271844660194175
0 0.9951456310679612 0.6844660194174758 1 0.9174757281553398 0.7621359223300971 0.9029126213592233 0.6990291262135923 0.8495145631067961 0.7330097087378641 0.7524271844660194
0 0.9854368932038835 0.49514563106796117 1 0.49514563106796117 0.9951456310679612 0.6941747572815534 0.7524271844660194 0.7524271844660194 0.6650485436893204 0.7378640776699029 0.6699029126213593 0.6310679611650486 0.7475728155339806 0.5339805825242718 0.8495145631067961 0.5
0 0.5970873786407767 0.6747572815533981 0.6262135922330098 0.6796116504854369 0.6650485436893204 0.7378640776699029 0.7281553398058253 0.7669902912621359 0.7087378640776699 0.8300970873786407 0.6650485436893204 0.8786407766990292 0.6067961165048543 0.9029126213592233 0.41262135922330095 0.9029126213592233 0.3640776699029126 0.8737864077669902 0.3592233009708738 0.8106796116504854 0.4077669902912621 0.7281553398058253 0.470873786407767 0.6941747572815534
0 0.5242718446601942 0.46116504854368934 0.6213592233009708 0.46116504854368934 0.6796116504854369 0.5097087378640777 0.6844660194174758 0.5679611650485437 0.6359223300970874 0.6456310679611651 0.5970873786407767 0.6747572815533981 0.529126213592233 0.6893203883495146 0.3786407766990291 0.6893203883495146 0.33495145631067963 0.6699029126213593 0.3058252427184466 0.6359223300970874 0.32524271844660196 0.5436893203883495 0.4029126213592233 0.49029126213592233
0 0.587378640776699 0.19902912621359223 0.6844660194174758 0.21844660194174756 0.7281553398058253 0.27184466019417475 0.7378640776699029 0.34951456310679613 0.7135922330097088 0.39805825242718446 0.6262135922330098 0.4563106796116505 0.4320388349514563 0.46601941747572817 0.3883495145631068 0.45145631067961167 0.3592233009708738 0.4174757281553398 0.3883495145631068 0.2961165048543689 0.49514563106796117 0.22815533980582525
0 0.9563106796116505 0.23300970873786409 1 0.23300970873786409 1 0.49029126213592233 0.7378640776699029 0.5145631067961165 0.7135922330097088 0.49029126213592233 0.7038834951456311 0.41262135922330095 0.7427184466019418 0.33495145631067963 0.8252427184466019 0.27184466019417475
0 0.7669902912621359 0 1 0 0.9854368932038835 0.009708737864077669 1 0.014563106796116505 1 0.24271844660194175 0.8398058252427184 0.25728155339805825 0.616504854368932 0.18446601941747573 0.5970873786407767 0.1262135922330097 0.6213592233009708 0.07766990291262135 0.6699029126213593 0.03398058252427184
0 0.11165048543689321 0.21844660194174756 0.21844660194174756 0.21844660194174756 0.3155339805825243 0.2524271844660194 0.3640776699029126 0.3155339805825243 0.34951456310679613 0.42718446601941745 0.2621359223300971 0.470873786407767 0.15048543689320387 0.46116504854368934 0.0048543689320388345 0.36893203883495146 0 0.27184466019417475 0.04854368932038835 0.23300970873786409
0 0 0.3932038834951456 0 0.6213592233009708 0.18446601941747573 0.6601941747572816 0.2961165048543689 0.6067961165048543 0.3058252427184466 0.5242718446601942 0.2766990291262136 0.48058252427184467
0 0.2524271844660194 0.6456310679611651 0.3300970873786408 0.6601941747572816 0.3786407766990291 0.7087378640776699 0.3786407766990291 0.7718446601941747 0.3300970873786408 0.8349514563106796 0.2524271844660194 0.8640776699029126 0.13106796116504854 0.8640776699029126 0.05825242718446602 0.8349514563106796 0.02912621359223301 0.7669902912621359 0.07281553398058252 0.6941747572815534 0.1262135922330097 0.6650485436893204