0 0 0.425 0 1 0.39814814814814814 1 0.39814814814814814 0.95 0.3537037037037037 0.796875 0.25 0.6010416666666667 0.17962962962962964 0.5135416666666667 0.14444444444444443 0.48020833333333335 0.07592592592592592 0.44375
0 0.07592592592592592 0.34791666666666665 0.1537037037037037 0.35208333333333336 0.28703703703703703 0.38229166666666664 0.337037037037037 0.38958333333333334 0.43333333333333335 0.415625 0.49074074074074076 0.43854166666666666 0.5462962962962963 0.46875 0.6 0.515625 0.6518518518518519 0.6041666666666666 0.6611111111111111 0.64375 0.6537037037037037 0.721875 0.6333333333333333 0.75625 0.5851851851851851 0.796875 0.5462962962962963 0.8145833333333333 0.4685185185185185 0.8375 0.40555555555555556 0.8458333333333333 0.36666666666666664 0.8427083333333333 0.34444444444444444 0.7822916666666667 0.2814814814814815 0.659375 0.21851851851851853 0.565625 0.17037037037037037 0.5114583333333333 0.13148148148148148 0.478125 0.08333333333333333 0.4510416666666667 0 0.4239583333333333 0 0.35833333333333334 0.03148148148148148 0.35104166666666664
0 0.022222222222222223 0.15625 0.10925925925925926 0.1625 0.2037037037037037 0.18333333333333332 0.2851851851851852 0.2125 0.337037037037037 0.24166666666666667 0.39814814814814814 0.28854166666666664 0.42592592592592593 0.32708333333333334 0.43148148148148147 0.3697916666666667 0.4185185185185185 0.38333333333333336 0.3925925925925926 0.390625 0.3814814814814815 0.39895833333333336 0.3592592592592593 0.39895833333333336 0.26481481481481484 0.38229166666666664 0.1814814814814815 0.3614583333333333 0.11851851851851852 0.35208333333333336 0.06666666666666667 0.35104166666666664 0 0.36041666666666666 0 0.15729166666666666
0 0.6518518518518519 0.11354166666666667 0.7 0.11979166666666667 0.725925925925926 0.13645833333333332 0.7388888888888889 0.15520833333333334 0.7444444444444445 0.20625 0.7351851851851852 0.2677083333333333 0.6907407407407408 0.3697916666666667 0.6259259259259259 0.43645833333333334 0.5574074074074075 0.47604166666666664 0.4888888888888889 0.440625 0.4203703703703704 0.41354166666666664 0.387037037037037 0.40520833333333334 0.37777777777777777 0.39791666666666664 0.37777777777777777 0.38958333333333334 0.4222222222222222 0.378125 0.42962962962962964 0.35 0.40925925925925927 0.30625 0.36666666666666664 0.26875 0.3537037037037037 0.24895833333333334 0.37222222222222223 0.22604166666666667 0.43703703703703706 0.17395833333333333 0.48333333333333334 0.14895833333333333 0.562962962962963 0.12291666666666666
0 0.2388888888888889 0.071875 0.29074074074074074 0.075 0.3314814814814815 0.08541666666666667 0.37962962962962965 0.1125 0.4185185185185185 0.153125 0.43148148148148147 0.17916666666666667 0.35555555555555557 0.24791666666666667 0.3388888888888889 0.246875 0.2777777777777778 0.21354166666666666 0.19444444444444445 0.184375 0.15185185185185185 0.17291666666666666 0.009259259259259259 0.15104166666666666 0.037037037037037035 0.13333333333333333 0.11851851851851852 0.09895833333333333
0 0.17777777777777778 0 0.737037037037037 0.0010416666666666667 0.8074074074074075 0.035416666666666666 0.8388888888888889 0.071875 0.8481481481481481 0.10520833333333333 0.8388888888888889 0.15104166666666666 0.7481481481481481 0.19479166666666667 0.7388888888888889 0.16041666666666668 0.7037037037037037 0.125 0.6796296296296296 0.11770833333333333 0.6240740740740741 0.11770833333333333 0.5740740740740741 0.12291666666666666 0.5277777777777778 0.134375 0.48518518518518516 0.14895833333333333 0.45185185185185184 0.16770833333333332 0.42777777777777776 0.17395833333333333 0.39814814814814814 0.13125 0.34444444444444444 0.09375 0.3111111111111111 0.08333333333333333 0.25555555555555554 0.075 0.19814814814814816 0.08125 0.17037037037037037 0.078125 0.16111111111111112 0.034375
0 0.937037037037037 0.28125 1 0.2833333333333333 1 0.5677083333333334 0.924074074074074 0.546875 0.8555555555555555 0.5104166666666666 0.8111111111111111 0.475 0.7814814814814814 0.42083333333333334 0.7796296296296297 0.403125 0.7907407407407407 0.365625 0.8166666666666667 0.3260416666666667 0.8685185185185185 0.296875
0 0.9981481481481481 0.026041666666666668 1 0.2375 0.9703703703703703 0.21666666666666667 0.9259259259259259 0.16979166666666667 0.9037037037037037 0.1375 0.8907407407407407 0.09479166666666666 0.9222222222222223 0.04791666666666667 0.9574074074074074 0.03229166666666667
0 0.8925925925925926 0.14479166666666668 0.9166666666666666 0.14895833333333333 0.9814814814814815 0.21875 1 0.22916666666666666 1 0.2864583333333333 0.9166666666666666 0.28958333333333336 0.8722222222222222 0.3020833333333333 0.8222222222222222 0.32916666666666666 0.7888888888888889 0.39375 0.7907407407407407 0.4322916666666667 0.8037037037037037 0.45729166666666665 0.825925925925926 0.48020833333333335 0.8018518518518518 0.484375 0.7296296296296296 0.4708333333333333 0.7055555555555556 0.459375 0.6833333333333333 0.41770833333333335 0.6851851851851852 0.378125 0.7277777777777777 0.28125 0.7462962962962963 0.19479166666666667 0.812962962962963 0.16041666666666668 0.8611111111111112 0.14791666666666667
0 0.6462962962962963 0.5875 0.6611111111111111 0.5885416666666666 0.7129629629629629 0.6104166666666667 0.7351851851851852 0.6145833333333334 0.8092592592592592 0.6541666666666667 0.837037037037037 0.6770833333333334 0.8351851851851851 0.7479166666666667 0.8481481481481481 0.8135416666666667 0.9222222222222223 0.9083333333333333 0.9555555555555556 0.9364583333333333 1 0.9625 1 1 0.4537037037037037 1 0.39814814814814814 0.946875 0.37777777777777777 0.8885416666666667 0.37592592592592594 0.8479166666666667 0.46111111111111114 0.8364583333333333 0.5611111111111111 0.8052083333333333 0.5944444444444444 0.7864583333333334 0.6351851851851852 0.7479166666666667 0.65 0.721875 0.6574074074074074 0.6791666666666667
0 0.9944444444444445 0.5833333333333334 1 0.5833333333333334 1 0.9708333333333333 0.9333333333333333 0.925 0.8740740740740741 0.859375 0.8407407407407408 0.8083333333333333 0.8296296296296296 0.7458333333333333 0.8351851851851851 0.690625 0.8703703703703703 0.6416666666666667 0.9703703703703703 0.5875