0 0.2902777777777778 0.340625 0.30694444444444446 0.340625 0.34444444444444444 0.35208333333333336 0.37222222222222223 0.3697916666666667 0.3888888888888889 0.390625 0.3888888888888889 0.415625 0.37777777777777777 0.4395833333333333 0.3402777777777778 0.46041666666666664 0.31527777777777777 0.459375 0.2861111111111111 0.4479166666666667 0.2625 0.43020833333333336 0.24583333333333332 0.4041666666666667 0.24444444444444444 0.37916666666666665 0.2513888888888889 0.36354166666666665 0.2638888888888889 0.35104166666666664
0 0.44027777777777777 0.37083333333333335 0.4597222222222222 0.3729166666666667 0.4722222222222222 0.390625 0.49166666666666664 0.44479166666666664 0.49027777777777776 0.484375 0.48194444444444445 0.496875 0.4708333333333333 0.5020833333333333 0.4305555555555556 0.5 0.4041666666666667 0.5052083333333334 0.3861111111111111 0.47708333333333336 0.3819444444444444 0.44479166666666664 0.3861111111111111 0.4166666666666667 0.4027777777777778 0.39166666666666666 0.425 0.37604166666666666
0 0.6166666666666667 0.45 0.6472222222222223 0.45208333333333334 0.6680555555555555 0.46770833333333334 0.6652777777777777 0.4947916666666667 0.6541666666666667 0.5104166666666666 0.6347222222222222 0.528125 0.6138888888888889 0.5385416666666667 0.5666666666666667 0.55 0.5444444444444444 0.55 0.5291666666666667 0.5447916666666667 0.5083333333333333 0.5177083333333333 0.5111111111111111 0.5020833333333333 0.5208333333333334 0.48854166666666665 0.5625 0.4635416666666667
0 0.4263888888888889 0.4979166666666667 0.4583333333333333 0.49895833333333334 0.49583333333333335 0.5114583333333333 0.5166666666666667 0.528125 0.5347222222222222 0.55625 0.5333333333333333 0.571875 0.49027777777777776 0.5885416666666666 0.46944444444444444 0.6083333333333333 0.4583333333333333 0.6114583333333333 0.41944444444444445 0.6010416666666667 0.3875 0.5697916666666667 0.38472222222222224 0.540625 0.3888888888888889 0.5239583333333333 0.4097222222222222 0.503125
0 0.5194444444444445 0.575 0.5486111111111112 0.575 0.5638888888888889 0.5791666666666667 0.5875 0.590625 0.5986111111111111 0.60625 0.6138888888888889 0.6416666666666667 0.6125 0.6572916666666667 0.5833333333333334 0.6770833333333334 0.5583333333333333 0.68125 0.5055555555555555 0.678125 0.4791666666666667 0.6625 0.4652777777777778 0.64375 0.4625 0.6197916666666666 0.47638888888888886 0.596875 0.4888888888888889 0.5864583333333333
0 0.6430555555555556 0.553125 0.6722222222222223 0.5541666666666667 0.7097222222222223 0.5645833333333333 0.7486111111111111 0.5947916666666667 0.7486111111111111 0.6208333333333333 0.7277777777777777 0.6395833333333333 0.7097222222222223 0.6489583333333333 0.6680555555555555 0.6489583333333333 0.6208333333333333 0.6385416666666667 0.6055555555555555 0.628125 0.5847222222222223 0.5947916666666667 0.5833333333333334 0.58125 0.6041666666666666 0.5635416666666667
0 0.6555555555555556 0.6770833333333334 0.6875 0.678125 0.7111111111111111 0.6854166666666667 0.7291666666666666 0.69375 0.7541666666666667 0.7177083333333333 0.7527777777777778 0.75 0.7361111111111112 0.7666666666666667 0.7180555555555556 0.775 0.6805555555555556 0.7802083333333333 0.6416666666666667 0.7760416666666666 0.6180555555555556 0.765625 0.6 0.7479166666666667 0.5944444444444444 0.7260416666666667 0.6 0.7010416666666667 0.6166666666666667 0.6885416666666667
0 0.4930555555555556 0.6760416666666667 0.5597222222222222 0.6822916666666666 0.5861111111111111 0.6989583333333333 0.5930555555555556 0.709375 0.5972222222222222 0.7510416666666667 0.5916666666666667 0.775 0.5736111111111111 0.7979166666666667 0.5472222222222223 0.8104166666666667 0.5180555555555556 0.8125 0.4861111111111111 0.8020833333333334 0.4652777777777778 0.7854166666666667 0.4513888888888889 0.759375 0.45 0.7270833333333333 0.45694444444444443 0.703125 0.4638888888888889 0.6927083333333334
0 0.7583333333333333 0.6083333333333333 0.7958333333333333 0.6125 0.8291666666666667 0.628125 0.8458333333333333 0.6552083333333333 0.8430555555555556 0.6791666666666667 0.8236111111111111 0.709375 0.8083333333333333 0.7239583333333334 0.7763888888888889 0.7354166666666667 0.7680555555555556 0.7354166666666667 0.7569444444444444 0.728125 0.7416666666666667 0.70625 0.7069444444444445 0.684375 0.7041666666666667 0.6760416666666667 0.7055555555555556 0.659375 0.7138888888888889 0.6458333333333334 0.7361111111111112 0.63125
0 0.8055555555555556 0.5010416666666667 0.8361111111111111 0.5020833333333333 0.8736111111111111 0.515625 0.8930555555555556 0.5354166666666667 0.8930555555555556 0.5614583333333333 0.8791666666666667 0.5760416666666667 0.8319444444444445 0.6010416666666667 0.7583333333333333 0.6 0.7180555555555556 0.571875 0.7125 0.5510416666666667 0.7361111111111112 0.5239583333333333 0.7638888888888888 0.5114583333333333
0 0.9111111111111111 0.5135416666666667 0.925 0.5135416666666667 0.9805555555555555 0.5302083333333333 0.9888888888888889 0.546875 0.9791666666666666 0.5677083333333334 0.9555555555555556 0.590625 0.9138888888888889 0.609375 0.8902777777777777 0.6135416666666667 0.8388888888888889 0.6114583333333333 0.8236111111111111 0.59375 0.8513888888888889 0.584375 0.8736111111111111 0.5677083333333334 0.8722222222222222 0.5552083333333333 0.8597222222222223 0.5510416666666667 0.8583333333333333 0.540625 0.8722222222222222 0.5364583333333334 0.8819444444444444 0.5197916666666667
0 0.8319444444444445 0.440625 0.8875 0.44895833333333335 0.9180555555555555 0.46770833333333334 0.925 0.4791666666666667 0.925 0.4947916666666667 0.9152777777777777 0.509375 0.8875 0.5260416666666666 0.825 0.5052083333333334 0.8027777777777778 0.5052083333333334 0.7444444444444445 0.5177083333333333 0.7333333333333333 0.50625 0.7319444444444444 0.49270833333333336 0.7375 0.48125
0 0.3125 0.5614583333333333 0.37777777777777777 0.5666666666666667 0.4041666666666667 0.5822916666666667 0.41388888888888886 0.59375 0.42083333333333334 0.615625 0.42083333333333334 0.634375 0.4083333333333333 0.6489583333333333 0.38055555555555554 0.6583333333333333 0.33194444444444443 0.6604166666666667 0.30277777777777776 0.65 0.2833333333333333 0.6375 0.2625 0.60625 0.2625 0.5833333333333334 0.2763888888888889 0.56875
0 0.1875 0.46145833333333336 0.23055555555555557 0.4635416666666667 0.27361111111111114 0.47708333333333336 0.3 0.490625 0.33055555555555555 0.5197916666666667 0.33611111111111114 0.534375 0.3333333333333333 0.55625 0.2833333333333333 0.5677083333333334 0.26805555555555555 0.578125 0.25277777777777777 0.6 0.2263888888888889 0.596875 0.20416666666666666 0.5864583333333333 0.16111111111111112 0.5489583333333333 0.1527777777777778 0.534375 0.14722222222222223 0.5114583333333333 0.15138888888888888 0.4895833333333333 0.1597222222222222 0.47604166666666664 0.175 0.46458333333333335
0 0.3541666666666667 0.659375 0.37916666666666665 0.6604166666666667 0.4 0.6760416666666667 0.4111111111111111 0.6927083333333334 0.41388888888888886 0.721875 0.39861111111111114 0.7625 0.37222222222222223 0.7791666666666667 0.3375 0.78125 0.3138888888888889 0.775 0.29583333333333334 0.759375 0.2861111111111111 0.7427083333333333 0.2833333333333333 0.7145833333333333 0.2902777777777778 0.690625 0.30833333333333335 0.6677083333333333 0.32083333333333336 0.6625
0 0.20277777777777778 0.6239583333333333 0.24305555555555555 0.6260416666666667 0.26944444444444443 0.6364583333333333 0.2847222222222222 0.65 0.29444444444444445 0.6729166666666667 0.29444444444444445 0.6885416666666667 0.28194444444444444 0.7145833333333333 0.2708333333333333 0.7239583333333334 0.2361111111111111 0.7375 0.21388888888888888 0.7364583333333333 0.17916666666666667 0.7229166666666667 0.16111111111111112 0.709375 0.14722222222222223 0.6864583333333333 0.15833333333333333 0.65625 0.19305555555555556 0.6270833333333333
0 0.13333333333333333 0.54375 0.1527777777777778 0.5447916666666667 0.17777777777777778 0.559375 0.19305555555555556 0.5791666666666667 0.19722222222222222 0.6 0.18888888888888888 0.63125 0.175 0.646875 0.14583333333333334 0.6625 0.12361111111111112 0.6645833333333333 0.09444444444444444 0.6583333333333333 0.07083333333333333 0.64375 0.059722222222222225 0.6291666666666667 0.05694444444444444 0.6083333333333333 0.059722222222222225 0.590625 0.07916666666666666 0.5666666666666667 0.10277777777777777 0.5520833333333334
0 0.02361111111111111 0.4552083333333333 0.058333333333333334 0.4552083333333333 0.09444444444444444 0.4625 0.1375 0.490625 0.14305555555555555 0.5020833333333333 0.14305555555555555 0.525 0.1388888888888889 0.5354166666666667 0.12638888888888888 0.5458333333333333 0.05555555555555555 0.5604166666666667 0.030555555555555555 0.5604166666666667 0 0.55 0 0.46145833333333336
0 0.10277777777777777 0.3854166666666667 0.15416666666666667 0.3875 0.2222222222222222 0.41354166666666664 0.23472222222222222 0.425 0.24305555555555555 0.44166666666666665 0.2388888888888889 0.4583333333333333 0.17916666666666667 0.4666666666666667 0.14305555555555555 0.48854166666666665 0.10416666666666667 0.471875 0.075 0.453125 0.06527777777777778 0.4322916666666667 0.07222222222222222 0.4010416666666667 0.0875 0.3885416666666667
0 0 0.33645833333333336 0 0.409375 0.03194444444444444 0.425 0.05694444444444444 0.42916666666666664 0.07083333333333333 0.40625 0.0875 0.39375 0.10694444444444444 0.3875 0.14027777777777778 0.38645833333333335 0.14583333333333334 0.38229166666666664 0.13055555555555556 0.3625 0.0875 0.3458333333333333
0 0.7291666666666666 0.265625 0.7611111111111111 0.275 0.775 0.2875 0.7833333333333333 0.309375 0.7805555555555556 0.33958333333333335 0.7472222222222222 0.3885416666666667 0.7236111111111111 0.39791666666666664 0.6930555555555555 0.4010416666666667 0.6833333333333333 0.3958333333333333 0.6722222222222223 0.375 0.65 0.3541666666666667 0.6458333333333334 0.34479166666666666 0.65 0.32083333333333336 0.6611111111111111 0.3 0.6944444444444444 0.27708333333333335 0.6986111111111111 0.26875
0 0.39444444444444443 0.25625 0.4236111111111111 0.2604166666666667 0.4375 0.27395833333333336 0.4583333333333333 0.33125 0.44166666666666665 0.36875 0.39166666666666666 0.39895833333333336 0.38055555555555554 0.37916666666666665 0.3472222222222222 0.35520833333333335 0.3416666666666667 0.3125 0.35138888888888886 0.2833333333333333 0.37777777777777777 0.26145833333333335
0 0.49166666666666664 0.31145833333333334 0.5097222222222222 0.3125 0.5236111111111111 0.32395833333333335 0.5527777777777778 0.3854166666666667 0.5486111111111112 0.4197916666666667 0.5402777777777777 0.4395833333333333 0.49583333333333335 0.4510416666666667 0.49027777777777776 0.44895833333333335 0.47638888888888886 0.4239583333333333 0.4597222222222222 0.378125 0.4361111111111111 0.36770833333333336 0.4388888888888889 0.353125 0.45 0.33645833333333336 0.4666666666666667 0.321875
0 0.2625 0.221875 0.2986111111111111 0.225 0.32916666666666666 0.24270833333333333 0.3458333333333333 0.2625 0.35138888888888886 0.284375 0.3416666666666667 0.3333333333333333 0.3333333333333333 0.34375 0.30416666666666664 0.3416666666666667 0.26666666666666666 0.3458333333333333 0.24027777777777778 0.32395833333333335 0.23333333333333334 0.28958333333333336 0.23472222222222222 0.246875 0.24027777777777778 0.23541666666666666
0 0.1527777777777778 0.3 0.18055555555555555 0.30104166666666665 0.20972222222222223 0.3104166666666667 0.2652777777777778 0.340625 0.26666666666666666 0.3541666666666667 0.24722222222222223 0.378125 0.24166666666666667 0.415625 0.2263888888888889 0.4166666666666667 0.19166666666666668 0.4010416666666667 0.16527777777777777 0.39479166666666665 0.1388888888888889 0.371875 0.11944444444444445 0.3416666666666667 0.11805555555555555 0.3229166666666667 0.12777777777777777 0.30833333333333335
0 0.015277777777777777 0.23125 0.04027777777777778 0.23229166666666667 0.06388888888888888 0.24270833333333333 0.08472222222222223 0.24479166666666666 0.09166666666666666 0.25416666666666665 0.13333333333333333 0.271875 0.15694444444444444 0.290625 0.1638888888888889 0.3072916666666667 0.12777777777777777 0.3177083333333333 0.12777777777777777 0.3416666666666667 0.12222222222222222 0.3541666666666667 0.05138888888888889 0.3458333333333333 0.015277777777777777 0.3229166666666667 0 0.29375 0 0.24375
0 0.12638888888888888 0.18229166666666666 0.15555555555555556 0.1875 0.17916666666666667 0.196875 0.23055555555555557 0.228125 0.2361111111111111 0.24375 0.23333333333333334 0.2916666666666667 0.22777777777777777 0.3072916666666667 0.2 0.30833333333333335 0.1638888888888889 0.3 0.10277777777777777 0.2552083333333333 0.09166666666666666 0.22916666666666666 0.09305555555555556 0.20625 0.10833333333333334 0.18645833333333334
0 0.125 0.071875 0.15416666666666667 0.071875 0.18194444444444444 0.08333333333333333 0.23194444444444445 0.125 0.24166666666666667 0.15833333333333333 0.23472222222222222 0.178125 0.21805555555555556 0.196875 0.18611111111111112 0.2 0.1625 0.19375 0.13333333333333333 0.17916666666666667 0.10555555555555556 0.15520833333333334 0.0875 0.11666666666666667 0.08888888888888889 0.1 0.09722222222222222 0.08541666666666667
0 0.2916666666666667 0.023958333333333335 0.31805555555555554 0.029166666666666667 0.33611111111111114 0.041666666666666664 0.3527777777777778 0.07083333333333333 0.3486111111111111 0.11770833333333333 0.31805555555555554 0.15833333333333333 0.30833333333333335 0.16458333333333333 0.2722222222222222 0.15 0.24027777777777778 0.15520833333333334 0.23055555555555557 0.11666666666666667 0.23333333333333334 0.0875 0.25972222222222224 0.040625 0.2708333333333333 0.029166666666666667
0 0.4222222222222222 0.04479166666666667 0.4388888888888889 0.04791666666666667 0.4652777777777778 0.07604166666666666 0.4888888888888889 0.08854166666666667 0.5111111111111111 0.12708333333333333 0.4986111111111111 0.18229166666666666 0.4861111111111111 0.196875 0.45694444444444443 0.21041666666666667 0.4444444444444444 0.20729166666666668 0.4 0.17916666666666667 0.3958333333333333 0.1625 0.38472222222222224 0.146875 0.38055555555555554 0.11354166666666667 0.38333333333333336 0.07708333333333334 0.39166666666666666 0.0625
0 0.5680555555555555 0.011458333333333333 0.5777777777777777 0.011458333333333333 0.6041666666666666 0.025 0.6194444444444445 0.03958333333333333 0.625 0.06145833333333333 0.6236111111111111 0.09166666666666666 0.6166666666666667 0.10729166666666666 0.6013888888888889 0.13125 0.5708333333333333 0.15416666666666667 0.5583333333333333 0.15208333333333332 0.5402777777777777 0.13645833333333332 0.5111111111111111 0.13020833333333334 0.5 0.10416666666666667 0.5 0.0875 0.5152777777777777 0.06145833333333333
0 0.6277777777777778 0.09583333333333334 0.65 0.096875 0.675 0.11458333333333333 0.6944444444444444 0.140625 0.7041666666666667 0.14270833333333333 0.7055555555555556 0.16666666666666666 0.6972222222222222 0.17395833333333333 0.6444444444444445 0.17604166666666668 0.6236111111111111 0.1875 0.6055555555555555 0.20416666666666666 0.5819444444444445 0.24375 0.5638888888888889 0.22916666666666666 0.5625 0.153125 0.5833333333333334 0.14166666666666666 0.6027777777777777 0.11041666666666666
0 0.7319444444444444 0.121875 0.7527777777777778 0.125 0.7736111111111111 0.13958333333333334 0.7902777777777777 0.17604166666666668 0.7888888888888889 0.20416666666666666 0.7472222222222222 0.2520833333333333 0.7388888888888889 0.2552083333333333 0.7166666666666667 0.246875 0.6944444444444444 0.24479166666666666 0.6875 0.17916666666666667 0.6902777777777778 0.16354166666666667 0.7069444444444445 0.1375 0.7194444444444444 0.12604166666666666
0 0.8652777777777778 0.209375 0.8875 0.21145833333333333 0.9013888888888889 0.22291666666666668 0.9013888888888889 0.2375 0.8916666666666667 0.25833333333333336 0.8458333333333333 0.3145833333333333 0.8055555555555556 0.334375 0.7777777777777778 0.33645833333333336 0.7791666666666667 0.30520833333333336 0.7652777777777777 0.28125 0.7694444444444445 0.26666666666666666 0.8083333333333333 0.23958333333333334 0.8111111111111111 0.23125 0.8236111111111111 0.221875 0.8416666666666667 0.21354166666666666
0 0.9402777777777778 0.24479166666666666 1 0.24895833333333334 1 0.31145833333333334 0.9861111111111112 0.315625 0.9569444444444445 0.33958333333333335 0.8722222222222222 0.3572916666666667 0.8569444444444444 0.34270833333333334 0.8305555555555556 0.33541666666666664 0.825 0.328125 0.8361111111111111 0.32395833333333335 0.8527777777777777 0.3072916666666667 0.8861111111111111 0.26145833333333335 0.9138888888888889 0.24895833333333334
0 0.8333333333333334 0.19270833333333334 0.8583333333333333 0.19375 0.8791666666666667 0.2 0.8791666666666667 0.2125 0.8166666666666667 0.228125 0.7736111111111111 0.2625 0.7569444444444444 0.26875 0.7458333333333333 0.253125 0.7805555555555556 0.21354166666666666 0.8041666666666667 0.2
0 0.9416666666666667 0.33958333333333335 0.9722222222222222 0.34375 1 0.36041666666666666 1 0.403125 0.9569444444444445 0.409375 0.9208333333333333 0.42083333333333334 0.8944444444444445 0.4375 0.8875 0.4479166666666667 0.8222222222222222 0.44479166666666664 0.8347222222222223 0.428125 0.8375 0.409375 0.8625 0.38333333333333336 0.8680555555555556 0.36041666666666666 0.9041666666666667 0.3458333333333333
0 0.9986111111111111 0.39375 1 0.490625 0.9611111111111111 0.5020833333333333 0.925 0.5041666666666667 0.9222222222222223 0.48125 0.9138888888888889 0.46875 0.8916666666666667 0.453125 0.8888888888888888 0.4395833333333333 0.9319444444444445 0.41458333333333336
0 0.7416666666666667 0.39166666666666666 0.7944444444444444 0.39166666666666666 0.8277777777777777 0.39895833333333336 0.8388888888888889 0.41458333333333336 0.8347222222222223 0.43125 0.8152777777777778 0.45208333333333334 0.7666666666666667 0.47291666666666665 0.7347222222222223 0.478125 0.6972222222222222 0.47708333333333336 0.6652777777777777 0.4552083333333333 0.6680555555555555 0.42916666666666664 0.6888888888888889 0.4010416666666667
0 0.8208333333333333 0.33645833333333336 0.8569444444444444 0.33958333333333335 0.8680555555555556 0.3572916666666667 0.8652777777777778 0.3802083333333333 0.8388888888888889 0.4083333333333333 0.8222222222222222 0.39895833333333336 0.7138888888888889 0.396875 0.7472222222222222 0.3802083333333333 0.7708333333333334 0.35208333333333336
0 0.625 0.346875 0.6569444444444444 0.35 0.675 0.36354166666666665 0.6916666666666667 0.38958333333333334 0.6902777777777778 0.40729166666666666 0.6680555555555555 0.440625 0.6652777777777777 0.45729166666666665 0.6569444444444444 0.46145833333333336 0.6180555555555556 0.4583333333333333 0.6069444444444444 0.4625 0.5541666666666667 0.4666666666666667 0.5458333333333333 0.453125 0.5319444444444444 0.44375 0.5472222222222223 0.3927083333333333 0.5541666666666667 0.38645833333333335 0.5791666666666667 0.37916666666666665 0.6027777777777777 0.3572916666666667
0 0.5819444444444445 0.2604166666666667 0.6083333333333333 0.2625 0.6361111111111111 0.28020833333333334 0.6625 0.31145833333333334 0.6638888888888889 0.3302083333333333 0.6555555555555556 0.35 0.6222222222222222 0.3541666666666667 0.5680555555555555 0.384375 0.5555555555555556 0.38125 0.5375 0.33958333333333335 0.5361111111111111 0.30104166666666665 0.5555555555555556 0.275
0 0.3902777777777778 0.18333333333333332 0.40694444444444444 0.18333333333333332 0.42777777777777776 0.190625 0.45 0.20729166666666668 0.46111111111111114 0.22291666666666668 0.46805555555555556 0.26666666666666666 0.44583333333333336 0.29270833333333335 0.4222222222222222 0.26458333333333334 0.40555555555555556 0.25833333333333336 0.39305555555555555 0.259375 0.35555555555555557 0.27708333333333335 0.3527777777777778 0.275 0.3486111111111111 0.23229166666666667 0.3638888888888889 0.20208333333333334 0.37916666666666665 0.1875
0 0.2638888888888889 0.14791666666666667 0.28888888888888886 0.15208333333333332 0.32222222222222224 0.18541666666666667 0.34444444444444444 0.22604166666666667 0.34305555555555556 0.25625 0.3111111111111111 0.234375 0.28194444444444444 0.22395833333333334 0.2569444444444444 0.225 0.24305555555555555 0.234375 0.22777777777777777 0.228125 0.22777777777777777 0.1875 0.24166666666666667 0.16354166666666667