0 0.06145833333333333 0.6592592592592592 0.11041666666666666 0.6759259259259259 0.153125 0.7240740740740741 0.16979166666666667 0.762962962962963 0.18125 0.8018518518518518 0.18229166666666666 0.8351851851851851 0.171875 0.8870370370370371 0.15625 0.9166666666666666 0.13958333333333334 0.9277777777777778 0.11875 0.9296296296296296 0.06770833333333333 0.9148148148148149 0.025 0.8888888888888888 0 0.8444444444444444 0 0.7166666666666667 0.023958333333333335 0.6759259259259259 0.0375 0.6648148148148149
0 0.46770833333333334 0.812962962962963 0.51875 0.8166666666666667 0.575 0.8574074074074074 0.5947916666666667 0.8907407407407407 0.60625 0.9222222222222223 0.6135416666666667 0.9592592592592593 0.6145833333333334 1 0.4 1 0.3854166666666667 0.9296296296296296 0.3854166666666667 0.9 0.39166666666666666 0.8722222222222222 0.40625 0.8444444444444444 0.42291666666666666 0.8277777777777777
0 0.240625 0.5981481481481481 0.2864583333333333 0.6055555555555555 0.3375 0.6592592592592592 0.35625 0.6962962962962963 0.37083333333333335 0.7425925925925926 0.371875 0.7685185185185185 0.36354166666666665 0.8 0.315625 0.85 0.2760416666666667 0.8592592592592593 0.23541666666666666 0.8444444444444444 0.17708333333333334 0.7907407407407407 0.15625 0.7351851851851852 0.1625 0.6777777777777778 0.17291666666666666 0.6537037037037037 0.209375 0.6129629629629629
0 0.190625 0.3648148148148148 0.22916666666666666 0.3907407407407407 0.24479166666666666 0.40925925925925927 0.253125 0.4425925925925926 0.2520833333333333 0.4888888888888889 0.24479166666666666 0.5388888888888889 0.21666666666666667 0.6055555555555555 0.184375 0.6425925925925926 0.15 0.6666666666666666 0.115625 0.6574074074074074 0.1 0.6370370370370371 0.090625 0.6 0.08854166666666667 0.5740740740740741 0.09375 0.5037037037037037 0.11145833333333334 0.44814814814814813 0.12916666666666668 0.4111111111111111 0.16145833333333334 0.37777777777777777
0 0.08333333333333333 0.37592592592592594 0.13125 0.3814814814814815 0.13125 0.387037037037037 0.11875 0.3907407407407407 0.13125 0.4148148148148148 0.103125 0.48333333333333334 0.09895833333333333 0.5055555555555555 0.1 0.5407407407407407 0.09479166666666666 0.5462962962962963 0.09270833333333334 0.5666666666666667 0.09479166666666666 0.6055555555555555 0.10729166666666666 0.6407407407407407 0.125 0.6574074074074074 0.15520833333333334 0.6611111111111111 0.13125 0.6925925925925925 0.121875 0.6925925925925925 0.09166666666666666 0.6685185185185185 0.05520833333333333 0.6574074074074074 0.03958333333333333 0.6222222222222222 0.027083333333333334 0.5722222222222222 0.023958333333333335 0.4777777777777778 0.03125 0.4444444444444444 0.05416666666666667 0.3962962962962963
0 0.23541666666666666 0.3685185185185185 0.259375 0.37777777777777777 0.29583333333333334 0.43148148148148147 0.30625 0.4648148148148148 0.31354166666666666 0.5166666666666667 0.3125 0.5574074074074075 0.309375 0.5796296296296296 0.2916666666666667 0.6037037037037037 0.24583333333333332 0.5981481481481481 0.228125 0.5888888888888889 0.24270833333333333 0.5425925925925926 0.25104166666666666 0.49444444444444446 0.24791666666666667 0.42777777777777776 0.24166666666666667 0.40925925925925927 0.228125 0.3907407407407407
0 0.375 0.4166666666666667 0.39166666666666666 0.4185185185185185 0.41354166666666664 0.4388888888888889 0.43020833333333336 0.4722222222222222 0.44479166666666664 0.5333333333333333 0.44583333333333336 0.5944444444444444 0.4395833333333333 0.6407407407407407 0.421875 0.6796296296296296 0.39791666666666664 0.7 0.36875 0.6981481481481482 0.35208333333333336 0.6888888888888889 0.32083333333333336 0.6388888888888888 0.31145833333333334 0.6055555555555555 0.3145833333333333 0.4962962962962963 0.3260416666666667 0.4462962962962963
0 0.30625 0.23333333333333334 0.3541666666666667 0.2388888888888889 0.39375 0.27037037037037037 0.415625 0.31296296296296294 0.41458333333333336 0.37777777777777777 0.4010416666666667 0.39814814814814814 0.3375 0.4388888888888889 0.3072916666666667 0.43703703703703706 0.27708333333333335 0.40925925925925927 0.25416666666666665 0.3685185185185185 0.25104166666666666 0.3111111111111111 0.26979166666666665 0.25925925925925924
0 0.290625 0.08148148148148149 0.33958333333333335 0.09074074074074075 0.37083333333333335 0.13148148148148148 0.38333333333333336 0.17592592592592593 0.38125 0.25 0.309375 0.2351851851851852 0.271875 0.2574074074074074 0.24479166666666666 0.23703703703703705 0.22395833333333334 0.2037037037037037 0.2125 0.16296296296296298 0.2125 0.14074074074074075 0.21875 0.12037037037037036 0.25 0.09074074074074075
0 0.09895833333333333 0.053703703703703705 0.14583333333333334 0.05925925925925926 0.1875 0.08888888888888889 0.21041666666666667 0.12777777777777777 0.21666666666666667 0.2037037037037037 0.203125 0.22037037037037038 0.165625 0.2388888888888889 0.1125 0.2351851851851852 0.08125 0.2111111111111111 0.057291666666666664 0.15555555555555556 0.05520833333333333 0.10925925925925926 0.06875 0.07592592592592592
0 0.07291666666666667 0.20555555555555555 0.121875 0.22962962962962963 0.14895833333333333 0.26851851851851855 0.1625 0.337037037037037 0.16145833333333334 0.3648148148148148 0.153125 0.3814814814814815 0.140625 0.3888888888888889 0.06041666666666667 0.387037037037037 0.04895833333333333 0.37407407407407406 0.030208333333333334 0.31666666666666665 0.029166666666666667 0.26296296296296295 0.034375 0.24074074074074073 0.04583333333333333 0.2222222222222222
0 0.2125 0.20925925925925926 0.22708333333333333 0.20925925925925926 0.2520833333333333 0.24259259259259258 0.27291666666666664 0.2574074074074074 0.26145833333333335 0.2814814814814815 0.25416666666666665 0.31296296296296294 0.25416666666666665 0.3685185185185185 0.23958333333333334 0.36666666666666664 0.23541666666666666 0.35185185185185186 0.221875 0.37037037037037035 0.18854166666666666 0.3648148148148148 0.17291666666666666 0.35 0.159375 0.3148148148148148 0.15729166666666666 0.2851851851851852 0.16458333333333333 0.25555555555555554 0.178125 0.23333333333333334
0 0.4 0.2574074074074074 0.44375 0.26296296296296295 0.4552083333333333 0.2740740740740741 0.47291666666666665 0.30925925925925923 0.48125 0.3388888888888889 0.48125 0.3888888888888889 0.4583333333333333 0.43333333333333335 0.4166666666666667 0.4462962962962963 0.38333333333333336 0.4166666666666667 0.409375 0.37222222222222223 0.40729166666666666 0.31666666666666665 0.384375 0.26851851851851855
0 0.6583333333333333 0.1388888888888889 0.7 0.14444444444444443 0.728125 0.17222222222222222 0.7333333333333333 0.20925925925925926 0.7260416666666667 0.25555555555555554 0.6947916666666667 0.3055555555555556 0.6833333333333333 0.35185185185185186 0.675 0.3648148148148148 0.6375 0.3851851851851852 0.6052083333333333 0.3851851851851852 0.58125 0.37037037037037035 0.565625 0.34629629629629627 0.5552083333333333 0.2759259259259259 0.575 0.23333333333333334 0.60625 0.18333333333333332 0.6427083333333333 0.14629629629629629
0 0.8333333333333334 0.09814814814814815 0.8739583333333333 0.11481481481481481 0.9125 0.15925925925925927 0.9416666666666667 0.21481481481481482 0.9520833333333333 0.25 0.9510416666666667 0.25925925925925924 0.8697916666666666 0.32592592592592595 0.8583333333333333 0.3148148148148148 0.8510416666666667 0.2962962962962963 0.8270833333333333 0.2740740740740741 0.7760416666666666 0.2537037037037037 0.76875 0.24074074074074073 0.7635416666666667 0.20925925925925926 0.7697916666666667 0.1648148148148148 0.78125 0.14074074074074075 0.8041666666666667 0.11296296296296296
0 0.7583333333333333 0.2537037037037037 0.8125 0.26296296296296295 0.8489583333333334 0.28888888888888886 0.8666666666666667 0.3333333333333333 0.8614583333333333 0.37777777777777777 0.853125 0.3851851851851852 0.7833333333333333 0.3888888888888889 0.7541666666666667 0.40370370370370373 0.725 0.4351851851851852 0.70625 0.42962962962962964 0.6916666666666667 0.39814814814814814 0.684375 0.3592592592592593 0.6916666666666667 0.3037037037037037 0.7229166666666667 0.26481481481481484
0 0.9885416666666667 0.2537037037037037 1 0.25555555555555554 1 0.4074074074074074 0.9708333333333333 0.4388888888888889 0.9510416666666667 0.4703703703703704 0.9364583333333333 0.4703703703703704 0.9114583333333334 0.4222222222222222 0.859375 0.38333333333333336 0.871875 0.3333333333333333 0.8958333333333334 0.3 0.9489583333333333 0.2611111111111111
0 0.8020833333333334 0.37962962962962965 0.8770833333333333 0.387037037037037 0.9145833333333333 0.412962962962963 0.9291666666666667 0.43703703703703706 0.940625 0.4722222222222222 0.9416666666666667 0.5074074074074074 0.93125 0.5555555555555556 0.9177083333333333 0.5888888888888889 0.9125 0.5944444444444444 0.890625 0.587037037037037 0.84375 0.5888888888888889 0.7791666666666667 0.6092592592592593 0.74375 0.587037037037037 0.7260416666666667 0.5648148148148148 0.7135416666666666 0.5370370370370371 0.7072916666666667 0.5037037037037037 0.7239583333333334 0.42592592592592593 0.7614583333333333 0.3907407407407407
0 0.996875 0.40555555555555556 1 0.40555555555555556 1 0.725925925925926 0.9854166666666667 0.7185185185185186 0.95625 0.6833333333333333 0.9364583333333333 0.6296296296296297 0.93125 0.575925925925926 0.9458333333333333 0.4703703703703704
0 0.8572916666666667 0.5814814814814815 0.8875 0.5814814814814815 0.915625 0.6 0.9322916666666666 0.6222222222222222 0.9447916666666667 0.6574074074074074 0.9479166666666666 0.6851851851851852 0.9416666666666667 0.7481481481481481 0.9145833333333333 0.8055555555555556 0.8729166666666667 0.8333333333333334 0.8177083333333334 0.8351851851851851 0.7614583333333333 0.8222222222222222 0.7302083333333333 0.7944444444444444 0.7239583333333334 0.7666666666666667 0.7270833333333333 0.7148148148148148 0.7416666666666667 0.6685185185185185 0.7572916666666667 0.6388888888888888 0.79375 0.6018518518518519
0 0.6291666666666667 0.4185185185185185 0.6614583333333334 0.42777777777777776 0.6864583333333333 0.45740740740740743 0.7072916666666667 0.49444444444444446 0.7291666666666666 0.5555555555555556 0.734375 0.5944444444444444 0.73125 0.6685185185185185 0.7208333333333333 0.7055555555555556 0.7041666666666667 0.7314814814814815 0.6833333333333333 0.7333333333333333 0.6416666666666667 0.7 0.6010416666666667 0.6351851851851852 0.5895833333333333 0.6055555555555555 0.5822916666666667 0.5555555555555556 0.5885416666666666 0.4925925925925926 0.603125 0.44814814814814813 0.615625 0.42777777777777776