0 0.5052083333333334 0.31805555555555554 0.5416666666666666 0.31805555555555554 0.571875 0.3277777777777778 0.609375 0.35138888888888886 0.6260416666666667 0.37222222222222223 0.6552083333333333 0.44583333333333336 0.6645833333333333 0.48333333333333334 0.675 0.5958333333333333 0.6677083333333333 0.6513888888888889 0.6375 0.7513888888888889 0.6114583333333333 0.7833333333333333 0.5708333333333333 0.8180555555555555 0.5541666666666667 0.8291666666666667 0.5229166666666667 0.8333333333333334 0.45729166666666665 0.8263888888888888 0.434375 0.8138888888888889 0.415625 0.7958333333333333 0.3958333333333333 0.7680555555555556 0.384375 0.7430555555555556 0.37395833333333334 0.6722222222222223 0.3770833333333333 0.5069444444444444 0.39479166666666665 0.42777777777777776 0.41458333333333336 0.38472222222222224 0.43854166666666666 0.35694444444444445 0.4822916666666667 0.3263888888888889
0 0.36770833333333336 0.8 0.41875 0.8013888888888889 0.459375 0.8236111111111111 0.5 0.8305555555555556 0.5322916666666667 0.8430555555555556 0.6395833333333333 0.9194444444444444 0.6739583333333333 0.9569444444444445 0.7 1 0.18645833333333334 1 0.184375 0.9597222222222223 0.18958333333333333 0.9194444444444444 0.2 0.8833333333333333 0.21354166666666666 0.8611111111111112 0.24479166666666666 0.8319444444444445 0.27395833333333336 0.8180555555555555
0 0 0.45555555555555555 0 0.9402777777777778 0.04791666666666667 0.9805555555555555 0.090625 1 0.18854166666666666 1 0.18854166666666666 0.9430555555555555 0.20520833333333333 0.875 0.20625 0.8555555555555555 0.19166666666666668 0.7541666666666667 0.159375 0.6388888888888888 0.13020833333333334 0.5680555555555555 0.09270833333333334 0.5138888888888888 0.041666666666666664 0.4722222222222222
0 0.13541666666666666 0.25277777777777777 0.18854166666666666 0.2611111111111111 0.23125 0.2875 0.24270833333333333 0.30694444444444446 0.25416666666666665 0.35694444444444445 0.28541666666666665 0.41805555555555557 0.28958333333333336 0.4361111111111111 0.28854166666666664 0.45416666666666666 0.2375 0.5444444444444444 0.20729166666666668 0.5763888888888888 0.17604166666666668 0.5916666666666667 0.1375 0.5916666666666667 0.090625 0.5194444444444445 0.026041666666666668 0.46944444444444444 0.015625 0.4513888888888889 0.017708333333333333 0.3902777777777778 0.03125 0.3347222222222222 0.040625 0.31527777777777777 0.06145833333333333 0.2875 0.078125 0.27361111111111114 0.096875 0.2625
0 0 0 0 0.2791666666666667 0.017708333333333333 0.2847222222222222 0.06354166666666666 0.2847222222222222 0.10104166666666667 0.2625 0.15208333333333332 0.24583333333333332 0.18229166666666666 0.22083333333333333 0.22916666666666666 0.16944444444444445 0.2833333333333333 0.09027777777777778 0.2947916666666667 0.06666666666666667 0.30520833333333336 0.011111111111111112 0.30520833333333336 0
0 0.3375 0.12222222222222222 0.36041666666666666 0.12222222222222222 0.38229166666666664 0.12916666666666668 0.42291666666666666 0.1638888888888889 0.446875 0.20555555555555555 0.4666666666666667 0.26805555555555555 0.4635416666666667 0.3388888888888889 0.42083333333333334 0.3861111111111111 0.39791666666666664 0.44166666666666665 0.3875 0.45416666666666666 0.31875 0.45 0.296875 0.43472222222222223 0.25104166666666666 0.36666666666666664 0.23854166666666668 0.3138888888888889 0.23958333333333334 0.25 0.259375 0.19444444444444445 0.290625 0.1527777777777778 0.3229166666666667 0.12777777777777777
0 0.30625 0 0.525 0 0.525 0.005555555555555556 0.49895833333333334 0.1 0.4739583333333333 0.1486111111111111 0.440625 0.19027777777777777 0.39479166666666665 0.14444444444444443 0.36875 0.12916666666666668 0.33958333333333335 0.12777777777777777 0.29375 0.15138888888888888 0.28854166666666664 0.15 0.284375 0.1
0 0.5541666666666667 0 0.7916666666666666 0 0.796875 0.013888888888888888 0.8208333333333333 0.03888888888888889 0.85625 0.11388888888888889 0.875 0.16944444444444445 0.89375 0.2875 0.8635416666666667 0.37083333333333335 0.84375 0.4027777777777778 0.8197916666666667 0.4166666666666667 0.7927083333333333 0.4125 0.728125 0.3625 0.603125 0.24583333333333332 0.565625 0.18333333333333332 0.54375 0.11527777777777778 0.5416666666666666 0.075
0 0.915625 0.28888888888888886 0.9364583333333333 0.2916666666666667 0.96875 0.3125 1 0.35 1 0.7083333333333334 0.9458333333333333 0.7069444444444445 0.85625 0.7138888888888889 0.8447916666666667 0.6986111111111111 0.8229166666666666 0.6222222222222222 0.81875 0.5013888888888889 0.8302083333333333 0.42777777777777776 0.8520833333333333 0.3888888888888889 0.884375 0.30694444444444446 0.8958333333333334 0.29583333333333334
0 0.9447916666666667 0.7041666666666667 1 0.7069444444444445 1 0.875 0.9864583333333333 0.8805555555555555 0.965625 0.9055555555555556 0.9354166666666667 0.9194444444444444 0.9208333333333333 0.9319444444444445 0.8635416666666667 1 0.69375 1 0.6864583333333333 0.9819444444444444 0.6604166666666667 0.9472222222222222 0.6208333333333333 0.9111111111111111 0.56875 0.875 0.5572916666666666 0.8597222222222223 0.571875 0.8402777777777778 0.5802083333333333 0.8361111111111111 0.5895833333333333 0.8152777777777778 0.61875 0.7861111111111111 0.628125 0.7680555555555556 0.6625 0.7402777777777778 0.6989583333333333 0.7277777777777777 0.7645833333333333 0.7166666666666667 0.8635416666666667 0.7138888888888889
0 0.3104166666666667 0.44722222222222224 0.37083333333333335 0.4513888888888889 0.38958333333333334 0.4625 0.3802083333333333 0.575 0.3802083333333333 0.6888888888888889 0.3927083333333333 0.7513888888888889 0.42291666666666666 0.8013888888888889 0.36875 0.8 0.2708333333333333 0.8208333333333333 0.26458333333333334 0.8152777777777778 0.24479166666666666 0.7458333333333333 0.234375 0.6875 0.22916666666666666 0.6416666666666667 0.23020833333333332 0.5611111111111111 0.2604166666666667 0.49027777777777776 0.284375 0.4625
0 0.5302083333333333 0.13194444444444445 0.54375 0.13194444444444445 0.5552083333333333 0.14305555555555555 0.5802083333333333 0.20416666666666666 0.6270833333333333 0.2777777777777778 0.6385416666666667 0.3125 0.6489583333333333 0.37916666666666665 0.65 0.41944444444444445 0.646875 0.425 0.6052083333333333 0.3680555555555556 0.5739583333333333 0.3402777777777778 0.5364583333333334 0.3263888888888889 0.490625 0.3277777777777778 0.4822916666666667 0.32083333333333336 0.475 0.2902777777777778 0.4510416666666667 0.23194444444444445 0.44583333333333336 0.19583333333333333 0.4708333333333333 0.16111111111111112 0.4864583333333333 0.14722222222222223
0 0.6302083333333334 0.2763888888888889 0.6510416666666666 0.2875 0.728125 0.36527777777777776 0.7697916666666667 0.39444444444444443 0.775 0.4027777777777778 0.80625 0.4166666666666667 0.8270833333333333 0.41805555555555557 0.821875 0.5527777777777778 0.8145833333333333 0.5833333333333334 0.8041666666666667 0.6 0.7885416666666667 0.6013888888888889 0.7458333333333333 0.5805555555555556 0.7114583333333333 0.575 0.696875 0.5652777777777778 0.66875 0.5597222222222222 0.659375 0.48055555555555557 0.6458333333333334 0.4222222222222222 0.6458333333333334 0.3902777777777778 0.628125 0.30694444444444446 0.6270833333333333 0.28055555555555556
0 0.8270833333333333 0 1 0 1 0.3486111111111111 0.9625 0.3111111111111111 0.9322916666666666 0.2902777777777778 0.9020833333333333 0.25416666666666665 0.8864583333333333 0.225 0.865625 0.14305555555555555 0.8208333333333333 0.0375