0 0.8319444444444445 0.496875 0.9194444444444444 0.5 0.9486111111111111 0.5083333333333333 0.9638888888888889 0.5083333333333333 0.9722222222222222 0.5166666666666667 1 0.58125 1 0.6864583333333333 0.9152777777777777 0.7375 0.8638888888888889 0.7541666666666667 0.8555555555555555 0.7510416666666667 0.7930555555555555 0.6885416666666667 0.7652777777777777 0.6520833333333333 0.7402777777777778 0.6104166666666667 0.7319444444444444 0.571875 0.7375 0.5416666666666666 0.7513888888888889 0.525 0.7736111111111111 0.5114583333333333
0 0.7638888888888888 0.29270833333333335 0.8125 0.29375 0.8652777777777778 0.309375 0.9902777777777778 0.39895833333333336 0.9972222222222222 0.41770833333333335 0.9805555555555555 0.45729166666666665 0.9694444444444444 0.5052083333333334 0.9625 0.5125 0.85 0.5010416666666667 0.8222222222222222 0.503125 0.7902777777777777 0.5114583333333333 0.7680555555555556 0.5114583333333333 0.7263888888888889 0.48541666666666666 0.6958333333333333 0.45625 0.6513888888888889 0.39375 0.65 0.3375 0.6625 0.321875 0.7055555555555556 0.2989583333333333
0 0.6208333333333333 0.41875 0.6680555555555555 0.4354166666666667 0.7111111111111111 0.46979166666666666 0.7277777777777777 0.5010416666666667 0.7347222222222223 0.5302083333333333 0.7347222222222223 0.5833333333333334 0.7291666666666666 0.6010416666666667 0.6875 0.665625 0.6708333333333333 0.6833333333333333 0.6666666666666666 0.6958333333333333 0.6458333333333334 0.7072916666666667 0.5805555555555556 0.725 0.5763888888888888 0.7177083333333333 0.5847222222222223 0.61875 0.5722222222222222 0.5822916666666667 0.5611111111111111 0.56875 0.5402777777777777 0.5552083333333333 0.5013888888888889 0.5416666666666666 0.49166666666666664 0.528125 0.5152777777777777 0.48854166666666665 0.5388888888888889 0.4635416666666667 0.575 0.43645833333333334
0 0.44305555555555554 0.5302083333333333 0.4708333333333333 0.5302083333333333 0.5152777777777777 0.5385416666666667 0.5611111111111111 0.5604166666666667 0.5763888888888888 0.5760416666666667 0.5875 0.6010416666666667 0.5930555555555556 0.63125 0.5888888888888889 0.6864583333333333 0.575 0.728125 0.5097222222222222 0.7791666666666667 0.4888888888888889 0.7895833333333333 0.46111111111111114 0.7958333333333333 0.44166666666666665 0.79375 0.35555555555555557 0.75625 0.2986111111111111 0.7416666666666667 0.2916666666666667 0.7322916666666667 0.2875 0.6895833333333333 0.29305555555555557 0.63125 0.3111111111111111 0.590625 0.3236111111111111 0.5760416666666667 0.35555555555555557 0.553125 0.38472222222222224 0.540625
0 0.7138888888888889 0.690625 0.7722222222222223 0.690625 0.8055555555555556 0.6958333333333333 0.8666666666666667 0.7520833333333333 0.7819444444444444 0.8 0.7333333333333333 0.8364583333333333 0.5125 0.8354166666666667 0.49583333333333335 0.8291666666666667 0.49166666666666664 0.796875 0.49722222222222223 0.7854166666666667 0.5638888888888889 0.7322916666666667 0.6361111111111111 0.7041666666666667
0 0.25555555555555554 0.7375 0.29583333333333334 0.7375 0.3680555555555556 0.7552083333333334 0.4638888888888889 0.8020833333333334 0.4986111111111111 0.8333333333333334 0.49722222222222223 0.8375 0.41944444444444445 0.85625 0.39166666666666666 0.85 0.3541666666666667 0.8197916666666667 0.28194444444444444 0.7895833333333333 0.2638888888888889 0.7770833333333333 0.23333333333333334 0.7479166666666667 0.2375 0.7416666666666667
0 0.22083333333333333 0.46979166666666666 0.2861111111111111 0.4739583333333333 0.3236111111111111 0.48541666666666666 0.3680555555555556 0.509375 0.37916666666666665 0.5354166666666667 0.37222222222222223 0.546875 0.3236111111111111 0.5822916666666667 0.25416666666666665 0.6875 0.21944444444444444 0.7239583333333334 0.20694444444444443 0.728125 0.14583333333333334 0.6833333333333333 0.08333333333333333 0.653125 0.06666666666666667 0.6291666666666667 0.022222222222222223 0.5916666666666667 0.009722222222222222 0.5708333333333333 0.041666666666666664 0.5395833333333333 0.09861111111111111 0.503125 0.1625 0.4791666666666667
0 0.05 0.3854166666666667 0.10555555555555556 0.3875 0.14166666666666666 0.4010416666666667 0.17222222222222222 0.428125 0.18611111111111112 0.46875 0.175 0.48125 0.12916666666666668 0.49270833333333336 0.0763888888888889 0.51875 0.04027777777777778 0.5427083333333333 0.018055555555555554 0.5635416666666667 0 0.5645833333333333 0 0.403125 0.02638888888888889 0.38958333333333334
0 0.2513888888888889 0.20729166666666668 0.2972222222222222 0.21666666666666667 0.33611111111111114 0.24375 0.3680555555555556 0.278125 0.38333333333333336 0.3177083333333333 0.38472222222222224 0.36875 0.3680555555555556 0.3875 0.3625 0.4041666666666667 0.3236111111111111 0.44479166666666664 0.3125 0.48125 0.23194444444444445 0.471875 0.18472222222222223 0.47604166666666664 0.16805555555555557 0.4322916666666667 0.12361111111111112 0.39375 0.12361111111111112 0.35833333333333334 0.13055555555555556 0.328125 0.1486111111111111 0.28125 0.1625 0.259375 0.18333333333333332 0.23645833333333333 0.2111111111111111 0.21666666666666667
0 0.3763888888888889 0.18125 0.4236111111111111 0.18229166666666666 0.4722222222222222 0.19479166666666667 0.5875 0.25729166666666664 0.5916666666666667 0.26875 0.5902777777777778 0.31979166666666664 0.5763888888888888 0.34375 0.5569444444444445 0.35833333333333334 0.5222222222222223 0.371875 0.47638888888888886 0.37395833333333334 0.41388888888888886 0.3614583333333333 0.3861111111111111 0.34270833333333334 0.35555555555555557 0.2760416666666667 0.30833333333333335 0.23229166666666667 0.30277777777777776 0.22083333333333333 0.30277777777777776 0.21354166666666666 0.3263888888888889 0.19583333333333333 0.34305555555555556 0.1875
0 0.425 0.37604166666666666 0.46944444444444444 0.3770833333333333 0.5013888888888889 0.38645833333333335 0.5388888888888889 0.421875 0.5472222222222223 0.46041666666666664 0.525 0.4822916666666667 0.49027777777777776 0.534375 0.43194444444444446 0.5333333333333333 0.37777777777777777 0.5427083333333333 0.37916666666666665 0.5270833333333333 0.36944444444444446 0.5135416666666667 0.3138888888888889 0.48333333333333334 0.3138888888888889 0.459375 0.325 0.4375 0.3527777777777778 0.4083333333333333 0.38472222222222224 0.38645833333333335
0 0.7694444444444445 0.2552083333333333 0.8083333333333333 0.25833333333333336 0.8486111111111111 0.275 0.9027777777777778 0.328125 0.9069444444444444 0.3416666666666667 0.8986111111111111 0.34270833333333334 0.8652777777777778 0.325 0.8180555555555555 0.309375 0.7736111111111111 0.3020833333333333 0.7194444444444444 0.30416666666666664 0.6888888888888889 0.31354166666666666 0.6625 0.3302083333333333 0.6513888888888889 0.35520833333333335 0.6555555555555556 0.39375 0.6472222222222223 0.4010416666666667 0.6347222222222222 0.39791666666666664 0.6027777777777777 0.3729166666666667 0.5861111111111111 0.34791666666666665 0.5916666666666667 0.278125 0.6347222222222222 0.2625 0.6583333333333333 0.25833333333333336