0 0.09523809523809523 0.4 0.2554112554112554 0.40555555555555556 0.29004329004329005 0.4666666666666667 0.2683982683982684 0.5666666666666667 0.20346320346320346 0.6166666666666667 0.004329004329004329 0.6111111111111112 0 0.45555555555555555
0 0.21212121212121213 0.24444444444444444 0.2987012987012987 0.25555555555555554 0.35064935064935066 0.3 0.3593073593073593 0.35 0.3203463203463203 0.4166666666666667 0.26406926406926406 0.42777777777777776 0.23809523809523808 0.40555555555555556 0.14285714285714285 0.39444444444444443 0.13852813852813853 0.3
0 0.41125541125541126 0.15555555555555556 0.48484848484848486 0.15555555555555556 0.5454545454545454 0.18888888888888888 0.5584415584415584 0.2222222222222222 0.5497835497835498 0.29444444444444445 0.5238095238095238 0.3277777777777778 0.41125541125541126 0.3333333333333333 0.3593073593073593 0.31666666666666665 0.2943722943722944 0.2611111111111111 0.3593073593073593 0.17777777777777778
0 0.22510822510822512 0.11666666666666667 0.329004329004329 0.12777777777777777 0.354978354978355 0.19444444444444445 0.2987012987012987 0.2611111111111111 0.22510822510822512 0.25 0.15584415584415584 0.2722222222222222 0.14285714285714285 0.18888888888888888
0 0.31601731601731603 0.43333333333333335 0.37662337662337664 0.4444444444444444 0.42424242424242425 0.5055555555555555 0.4329004329004329 0.5666666666666667 0.4025974025974026 0.6222222222222222 0.3333333333333333 0.6277777777777778 0.2727272727272727 0.5777777777777777 0.29004329004329005 0.46111111111111114
0 0.4675324675324675 0.32222222222222224 0.5108225108225108 0.3277777777777778 0.5367965367965368 0.3611111111111111 0.5367965367965368 0.45 0.4935064935064935 0.5111111111111111 0.42857142857142855 0.5166666666666667 0.3939393939393939 0.4666666666666667 0.39826839826839827 0.39444444444444443 0.42857142857142855 0.34444444444444444
0 0.48917748917748916 0.5055555555555555 0.5411255411255411 0.5277777777777778 0.5757575757575758 0.5944444444444444 0.5800865800865801 0.7277777777777777 0.5454545454545454 0.8222222222222222 0.46320346320346323 0.7944444444444444 0.4069264069264069 0.6833333333333333 0.42424242424242425 0.5166666666666667
0 0 0.5833333333333334 0 0.8388888888888889 0.12987012987012986 0.7944444444444444 0.16017316017316016 0.7388888888888889 0.15584415584415584 0.6611111111111111 0.12554112554112554 0.6166666666666667 0.04329004329004329 0.6111111111111112
0 0.26406926406926406 0.5666666666666667 0.30735930735930733 0.6166666666666667 0.29004329004329005 0.7722222222222223 0.2554112554112554 0.8444444444444444 0.19913419913419914 0.85 0.16017316017316016 0.7666666666666667 0.16017316017316016 0.6333333333333333 0.1471861471861472 0.6166666666666667 0.20346320346320346 0.6111111111111112
0 0.39826839826839827 0.6166666666666667 0.4155844155844156 0.6166666666666667 0.43722943722943725 0.7611111111111111 0.3939393939393939 0.8222222222222222 0.31601731601731603 0.8277777777777777 0.2943722943722944 0.8 0.30303030303030304 0.6777777777777778 0.329004329004329 0.6277777777777778
0 0.6493506493506493 0.45555555555555555 0.7229437229437229 0.4666666666666667 0.7402597402597403 0.6055555555555555 0.6883116883116883 0.6944444444444444 0.6060606060606061 0.7277777777777777 0.5670995670995671 0.6888888888888889 0.5714285714285714 0.5722222222222222 0.5974025974025974 0.49444444444444446
0 0.8225108225108225 0.31666666666666665 0.8614718614718615 0.32222222222222224 0.8917748917748918 0.35555555555555557 0.8917748917748918 0.4444444444444444 0.8181818181818182 0.5277777777777778 0.7359307359307359 0.5388888888888889 0.7229437229437229 0.4777777777777778 0.7402597402597403 0.39444444444444443 0.7792207792207793 0.3388888888888889
0 0.6147186147186147 0.2388888888888889 0.7272727272727273 0.2833333333333333 0.7445887445887446 0.35555555555555557 0.7272727272727273 0.4222222222222222 0.6363636363636364 0.43333333333333335 0.5497835497835498 0.39444444444444443 0.5367965367965368 0.32222222222222224 0.5541125541125541 0.2777777777777778
0 0.7445887445887446 0.6611111111111111 0.8051948051948052 0.6666666666666666 0.8571428571428571 0.7 0.8831168831168831 0.7444444444444445 0.8831168831168831 0.8277777777777777 0.8528138528138528 0.85 0.7532467532467533 0.85 0.670995670995671 0.8055555555555556 0.6363636363636364 0.7277777777777777
0 0.8571428571428571 0.49444444444444446 0.9523809523809523 0.5222222222222223 1 0.5666666666666667 1 0.6944444444444444 0.8528138528138528 0.7 0.7489177489177489 0.65 0.7142857142857143 0.6666666666666666 0.7402597402597403 0.5388888888888889 0.8008658008658008 0.5333333333333333
0 0.8051948051948052 0.09444444444444444 0.8658008658008658 0.10555555555555556 0.9047619047619048 0.17222222222222222 0.9264069264069265 0.31666666666666665 0.9004329004329005 0.37777777777777777 0.8484848484848485 0.32222222222222224 0.8051948051948052 0.32222222222222224 0.7619047619047619 0.25 0.7532467532467533 0.14444444444444443
0 0.5757575757575758 0.06111111111111111 0.6926406926406926 0.06666666666666667 0.696969696969697 0.1 0.658008658008658 0.18333333333333332 0.6363636363636364 0.2 0.5497835497835498 0.18888888888888888 0.5454545454545454 0.11666666666666667
0 0.8831168831168831 0.10555555555555556 0.948051948051948 0.11666666666666667 0.9956709956709957 0.16666666666666666 1 0.21666666666666667 0.9696969696969697 0.2611111111111111 0.9177489177489178 0.2611111111111111 0.8701298701298701 0.12777777777777777
0 0.961038961038961 0.37777777777777777 1 0.38333333333333336 1 0.5611111111111111 0.8917748917748918 0.49444444444444446 0.9177489177489178 0.40555555555555556