0 0.3020833333333333 0.3140625 0.37916666666666665 0.328125 0.44166666666666665 0.3671875 0.47708333333333336 0.4140625 0.4875 0.471875 0.47708333333333336 0.5046875 0.45416666666666666 0.534375 0.3333333333333333 0.65625 0.2791666666666667 0.6953125 0.22291666666666668 0.7 0.16458333333333333 0.6796875 0.11666666666666667 0.6359375 0.09375 0.5890625 0.09791666666666667 0.528125 0.12708333333333333 0.45625 0.175 0.3796875 0.2125 0.3484375 0.26458333333333334 0.3296875 0.2916666666666667 0.3296875 0.2916666666666667 0.31875
0 0.5854166666666667 0.46875 0.6395833333333333 0.4703125 0.6916666666666667 0.484375 0.7270833333333333 0.503125 0.75625 0.53125 0.775 0.5828125 0.7666666666666667 0.6890625 0.7354166666666667 0.7984375 0.68125 0.878125 0.6229166666666667 0.909375 0.5645833333333333 0.9203125 0.50625 0.921875 0.4708333333333333 0.9140625 0.4354166666666667 0.896875 0.40625 0.84375 0.3875 0.778125 0.38333333333333336 0.6546875 0.41041666666666665 0.5828125 0.46041666666666664 0.521875 0.5125 0.490625
0 0.32916666666666666 0.6578125 0.35833333333333334 0.6796875 0.38125 0.734375 0.3770833333333333 0.8265625 0.35 0.871875 0.3125 0.90625 0.23125 0.9421875 0.1375 0.9375 0 0.984375 0 0.753125 0.06041666666666667 0.7078125 0.13958333333333334 0.6640625 0.20208333333333334 0.69375 0.2520833333333333 0.7 0.2916666666666667 0.6875
0 0 0 0 0.1609375 0.0875 0.1609375 0.12916666666666668 0.1703125 0.17916666666666667 0.1921875 0.18333333333333332 0.1609375 0.20625 0.1234375 0.23958333333333334 0.09375 0.29375 0.0765625 0.3020833333333333 0.0640625 0.29583333333333334 0.0484375 0.26458333333333334 0.0234375 0.20416666666666666 0
0 0.41041666666666665 0.0390625 0.4895833333333333 0.0453125 0.5708333333333333 0.0828125 0.6041666666666666 0.1125 0.6229166666666667 0.1453125 0.6291666666666667 0.2140625 0.6166666666666667 0.2546875 0.5791666666666667 0.2859375 0.5229166666666667 0.309375 0.38333333333333336 0.3125 0.29791666666666666 0.296875 0.26458333333333334 0.284375 0.22083333333333333 0.25625 0.18541666666666667 0.209375 0.18125 0.1578125 0.21041666666666667 0.1140625 0.24791666666666667 0.090625 0.36041666666666666 0.0640625 0.3875 0.0453125
0 0.025 0.1609375 0.08541666666666667 0.1609375 0.14583333333333334 0.1796875 0.18541666666666667 0.215625 0.19791666666666666 0.2765625 0.17708333333333334 0.325 0 0.4328125 0 0.165625
0 0.6729166666666667 0.0515625 0.7416666666666667 0.0609375 0.80625 0.0890625 0.8645833333333334 0.1296875 0.9104166666666667 0.190625 0.9229166666666667 0.2265625 0.9166666666666666 0.2890625 0.9 0.3234375 0.8520833333333333 0.346875 0.7 0.33125 0.5979166666666667 0.271875 0.6166666666666667 0.2484375 0.6208333333333333 0.1609375 0.5916666666666667 0.0984375 0.6208333333333333 0.071875
0 0.6541666666666667 0.33125 0.7416666666666667 0.3328125 0.89375 0.35625 0.925 0.365625 0.9708333333333333 0.396875 1 0.440625 1 0.56875 0.96875 0.5984375 0.93125 0.6140625 0.8729166666666667 0.625 0.775 0.6140625 0.7583333333333333 0.54375 0.7291666666666666 0.5078125 0.7020833333333333 0.4875 0.6375 0.4734375 0.5583333333333333 0.475 0.5520833333333334 0.4703125 0.5416666666666666 0.43125 0.5583333333333333 0.3859375 0.5916666666666667 0.3515625
0 0.9833333333333333 0.5921875 0.9895833333333334 0.59375 0.9854166666666667 0.609375 1 0.63125 0.9958333333333333 0.7484375 0.98125 0.75625 0.8729166666666667 0.7640625 0.7979166666666667 0.7953125 0.74375 0.79375 0.7395833333333334 0.771875 0.7729166666666667 0.6140625 0.7875 0.6109375 0.8645833333333334 0.6234375
0 0.9416666666666667 0.753125 1 0.7609375 1 1 0.6604166666666667 1 0.68125 0.9203125 0.7208333333333333 0.840625 0.7333333333333333 0.8375 0.7833333333333333 0.7984375 0.8416666666666667 0.76875 0.8854166666666666 0.75625
0 0.40208333333333335 0.840625 0.4166666666666667 0.8484375 0.44166666666666665 0.89375 0.49166666666666664 0.915625 0.58125 0.9125 0.6270833333333333 0.9015625 0.6854166666666667 0.8765625 0.6895833333333333 0.896875 0.68125 0.94375 0.6583333333333333 0.9984375 0.2916666666666667 1 0.3 0.95625 0.32083333333333336 0.9078125 0.3541666666666667 0.871875