0 0.12871287128712872 0.7239583333333334 0.1966053748231966 0.7291666666666666 0.23055162659123055 0.7385416666666667 0.24611032531824611 0.7510416666666667 0.26591230551626593 0.78125 0.26732673267326734 0.7958333333333333 0.23903818953323905 0.8333333333333334 0.18953323903818953 0.8385416666666666 0.17256011315417255 0.81875 0.16124469589816123 0.8166666666666667 0.15275813295615276 0.821875 0.1371994342291372 0.821875 0.11315417256011315 0.8114583333333333 0.09759547383309759 0.7979166666666667 0.08345120226308345 0.7791666666666667 0.08628005657708628 0.753125 0.10466760961810467 0.7302083333333333
0 0.2842998585572843 0.7916666666666666 0.371994342291372 0.8052083333333333 0.3988684582743989 0.8208333333333333 0.4158415841584158 0.8458333333333333 0.41725601131541723 0.871875 0.4101838755304102 0.8875 0.3917963224893918 0.9020833333333333 0.36633663366336633 0.9114583333333334 0.32673267326732675 0.9145833333333333 0.28854314002828857 0.9072916666666667 0.26732673267326734 0.89375 0.24893917963224893 0.8729166666666667 0.24186704384724186 0.8395833333333333 0.25884016973125884 0.80625
0 0.4908062234794908 0.7760416666666666 0.5106082036775106 0.7770833333333333 0.5332390381895332 0.7854166666666667 0.553041018387553 0.803125 0.5601131541725601 0.8208333333333333 0.5615275813295615 0.853125 0.553041018387553 0.9010416666666666 0.5374823196605375 0.9260416666666667 0.5247524752475248 0.93125 0.4809052333804809 0.928125 0.4526166902404526 0.9166666666666666 0.4328147100424328 0.8989583333333333 0.4158415841584158 0.8635416666666667 0.4144271570014144 0.828125 0.4243281471004243 0.80625 0.45685997171145687 0.784375
0 0.6166902404526167 0.7677083333333333 0.6492220650636492 0.771875 0.6775106082036775 0.7979166666666667 0.6916548797736917 0.875 0.685997171145686 0.8875 0.6704384724186704 0.8958333333333334 0.6067892503536068 0.896875 0.5884016973125884 0.8885416666666667 0.5615275813295615 0.8625 0.5558698727015559 0.825 0.5601131541725601 0.8041666666666667 0.5813295615275813 0.7791666666666667
0 0.7029702970297029 0.740625 0.7241867043847242 0.7416666666666667 0.751060820367751 0.75 0.7949080622347949 0.7927083333333333 0.8033946251768034 0.8135416666666667 0.8048090523338048 0.8375 0.7963224893917963 0.85625 0.7807637906647807 0.8666666666666667 0.7553041018387553 0.8708333333333333 0.7185289957567186 0.8635416666666667 0.6944837340876945 0.8291666666666667 0.6831683168316832 0.8260416666666667 0.6676096181046676 0.76875 0.6817538896746818 0.746875
0 0.8373408769448374 0.6875 0.8727015558698727 0.6895833333333333 0.900990099009901 0.7020833333333333 0.917963224893918 0.721875 0.9207920792079208 0.7479166666666667 0.9094766619519095 0.771875 0.8741159830268741 0.8010416666666667 0.8543140028288543 0.8104166666666667 0.8274398868458275 0.8135416666666667 0.8104667609618105 0.809375 0.7963224893917963 0.8 0.7793493635077794 0.7697916666666667 0.7751060820367751 0.7447916666666666 0.8062234794908062 0.696875
0 0.9080622347949081 0.5927083333333333 0.9561527581329562 0.6 0.9773691654879774 0.6197916666666666 0.983026874115983 0.6364583333333333 0.9745403111739745 0.6583333333333333 0.942008486562942 0.6895833333333333 0.9264497878359265 0.6979166666666666 0.8981612446958982 0.7010416666666667 0.8684582743988685 0.6916666666666667 0.8543140028288543 0.6822916666666666 0.842998585572843 0.6625 0.8415841584158416 0.6333333333333333 0.8514851485148515 0.6177083333333333 0.8741159830268741 0.6
0 0.8939179632248939 0.5052083333333334 0.9207920792079208 0.50625 0.9547383309759547 0.5145833333333333 0.9886845827439887 0.5333333333333333 0.9971711456859972 0.5458333333333333 1 0.571875 0.9872701555869873 0.5864583333333333 0.9618104667609618 0.596875 0.8826025459688827 0.5947916666666667 0.867043847241867 0.5739583333333333 0.8486562942008486 0.5604166666666667 0.8316831683168316 0.5572916666666666 0.8415841584158416 0.5479166666666667 0.8585572842998586 0.5114583333333333
0 0.768033946251768 0.5489583333333333 0.8161244695898161 0.5541666666666667 0.8486562942008486 0.5625 0.8684582743988685 0.5739583333333333 0.8755304101838756 0.5833333333333334 0.8783592644978784 0.596875 0.8698727015558698 0.6083333333333333 0.8217821782178217 0.6364583333333333 0.7807637906647807 0.6375 0.7524752475247525 0.625 0.7298444130127298 0.6072916666666667 0.7298444130127298 0.5697916666666667 0.7553041018387553 0.5520833333333334
0 0.7199434229137199 0.625 0.7355021216407355 0.6260416666666667 0.7779349363507779 0.640625 0.8033946251768034 0.6729166666666667 0.8048090523338048 0.6979166666666666 0.7977369165487977 0.7125 0.7835926449787836 0.7270833333333333 0.7538896746817539 0.7385416666666667 0.7227722772277227 0.7375 0.7001414427157001 0.7239583333333334 0.6916548797736917 0.7145833333333333 0.6817538896746818 0.6854166666666667 0.6789250353606789 0.6458333333333334
0 0.6294200848656294 0.6375 0.6492220650636492 0.640625 0.6661951909476662 0.653125 0.6817538896746818 0.6791666666666667 0.6888260254596889 0.70625 0.685997171145686 0.7479166666666667 0.6647807637906648 0.7666666666666667 0.6506364922206507 0.7708333333333334 0.6166902404526167 0.7697916666666667 0.5954738330975955 0.7635416666666667 0.5785007072135785 0.7510416666666667 0.562942008486563 0.7239583333333334 0.5615275813295615 0.690625 0.5742574257425742 0.665625 0.5968882602545968 0.6458333333333334
0 0.43847241867043846 0.6375 0.4611032531824611 0.6395833333333333 0.521923620933522 0.6666666666666666 0.553041018387553 0.690625 0.5615275813295615 0.721875 0.5516265912305516 0.7427083333333333 0.5374823196605375 0.753125 0.5021216407355021 0.7625 0.4625176803394625 0.7625 0.43564356435643564 0.753125 0.4101838755304102 0.7375 0.39038189533239037 0.7052083333333333 0.3917963224893918 0.678125 0.4073550212164074 0.6510416666666666 0.4243281471004243 0.640625
0 0.3026874115983027 0.684375 0.32956152758132956 0.684375 0.3635077793493635 0.6916666666666667 0.3917963224893918 0.70625 0.4045261669024045 0.7229166666666667 0.413012729844413 0.753125 0.4115983026874116 0.7708333333333334 0.4031117397454031 0.784375 0.37482319660537483 0.8 0.3422913719943423 0.8010416666666667 0.2913719943422914 0.7895833333333333 0.26449787835926447 0.7677083333333333 0.24611032531824611 0.74375 0.24186704384724186 0.728125 0.25176803394625175 0.7052083333333333 0.27157001414427157 0.690625
0 0.15983026874115983 0.621875 0.2164073550212164 0.6229166666666667 0.25742574257425743 0.6375 0.2743988684582744 0.6510416666666666 0.2871287128712871 0.6697916666666667 0.2842998585572843 0.68125 0.2376237623762376 0.71875 0.2065063649222065 0.7260416666666667 0.1753889674681754 0.7260416666666667 0.14285714285714285 0.715625 0.12446958981612447 0.7020833333333333 0.10891089108910891 0.6802083333333333 0.10891089108910891 0.6572916666666667 0.12588401697312587 0.6364583333333333
0 0.04667609618104668 0.609375 0.06930693069306931 0.6114583333333333 0.10183875530410184 0.6291666666666667 0.11173974540311174 0.6427083333333333 0.11315417256011315 0.6864583333333333 0.09618104667609619 0.7104166666666667 0.07072135785007072 0.7270833333333333 0.021216407355021217 0.7354166666666667 0.009900990099009901 0.7322916666666667 0 0.7229166666666667 0 0.625 0.014144271570014143 0.6145833333333334
0 0.04809052333804809 0.5114583333333333 0.07355021216407355 0.515625 0.10466760961810467 0.5427083333333333 0.0876944837340877 0.5947916666666667 0.056577086280056574 0.6104166666666667 0 0.6135416666666667 0 0.5354166666666667 0.02263083451202263 0.51875
0 0.031117397454031116 0.43854166666666666 0.07072135785007072 0.4427083333333333 0.09193776520509193 0.45416666666666666 0.0891089108910891 0.48333333333333334 0.06647807637906648 0.5114583333333333 0.03818953323903819 0.5166666666666667 0 0.5333333333333333 0 0.4510416666666667
0 0.07072135785007072 0.3489583333333333 0.09476661951909476 0.35 0.12022630834512023 0.359375 0.1456859971711457 0.37916666666666665 0.15275813295615276 0.403125 0.16548797736916548 0.415625 0.16265912305516267 0.421875 0.09759547383309759 0.446875 0.03818953323903819 0.4395833333333333 0.026874115983026876 0.42916666666666664 0.021216407355021217 0.4010416666666667 0.02545968882602546 0.371875 0.042432814710042434 0.35625
0 0.16265912305516267 0.421875 0.1867043847241867 0.425 0.20226308345120225 0.43333333333333335 0.2164073550212164 0.4635416666666667 0.21216407355021216 0.49166666666666664 0.18104667609618105 0.525 0.16265912305516267 0.5302083333333333 0.11598302687411598 0.5302083333333333 0.0876944837340877 0.5010416666666667 0.09193776520509193 0.46041666666666664 0.11315417256011315 0.43854166666666666 0.13861386138613863 0.4270833333333333
0 0.1371994342291372 0.53125 0.18387553041018387 0.534375 0.2362093352192362 0.5635416666666667 0.24611032531824611 0.5885416666666666 0.2347949080622348 0.6135416666666667 0.2050919377652051 0.6229166666666667 0.14002828854314003 0.6260416666666667 0.09335219236209336 0.6052083333333333 0.08628005657708628 0.5875 0.09335219236209336 0.5552083333333333 0.10891089108910891 0.5385416666666667
0 0.2942008486562942 0.5708333333333333 0.3437057991513437 0.5760416666666667 0.3649222065063649 0.5864583333333333 0.39462517680339465 0.6104166666666667 0.4016973125884017 0.6270833333333333 0.4016973125884017 0.6458333333333334 0.3932107496463932 0.66875 0.38330975954738333 0.6770833333333334 0.3536067892503536 0.6833333333333333 0.3026874115983027 0.6770833333333334 0.2828854314002829 0.6645833333333333 0.26025459688826025 0.6385416666666667 0.24186704384724186 0.6072916666666667 0.2446958981612447 0.5895833333333333 0.26025459688826025 0.5760416666666667
0 0.5275813295615276 0.5708333333333333 0.5912305516265912 0.575 0.6025459688826026 0.5791666666666667 0.6138613861386139 0.590625 0.6166902404526167 0.6104166666666667 0.6124469589816125 0.621875 0.5855728429985856 0.6572916666666667 0.5714285714285714 0.6645833333333333 0.5304101838755304 0.665625 0.5021216407355021 0.659375 0.4766619519094767 0.6479166666666667 0.46534653465346537 0.6375 0.4639321074964639 0.6177083333333333 0.4738330975954738 0.5947916666666667 0.49646393210749645 0.5802083333333333
0 0.652050919377652 0.5333333333333333 0.6718528995756718 0.5333333333333333 0.6973125884016973 0.5416666666666666 0.7142857142857143 0.5541666666666667 0.7241867043847242 0.5697916666666667 0.7241867043847242 0.609375 0.7114568599717115 0.625 0.6831683168316832 0.6395833333333333 0.6562942008486563 0.640625 0.6393210749646393 0.634375 0.620933521923621 0.6177083333333333 0.6096181046676096 0.5854166666666667 0.611032531824611 0.5697916666666667 0.620933521923621 0.553125 0.637906647807638 0.5375
0 0.7736916548797736 0.45 0.8104667609618105 0.45208333333333334 0.8359264497878359 0.46979166666666666 0.8528995756718529 0.4947916666666667 0.8571428571428571 0.521875 0.8401697312588402 0.5520833333333334 0.8316831683168316 0.55625 0.7807637906647807 0.5510416666666667 0.7595473833097596 0.5416666666666666 0.7397454031117398 0.5229166666666667 0.7369165487977369 0.49166666666666664 0.7468175388967468 0.4583333333333333
0 0.9222065063649222 0.42916666666666664 0.9519094766619519 0.43125 0.9717114568599717 0.44166666666666665 0.9844413012729845 0.4635416666666667 0.9787835926449788 0.49375 0.9547383309759547 0.5145833333333333 0.917963224893918 0.509375 0.8585572842998586 0.5145833333333333 0.8302687411598303 0.459375 0.809052333804809 0.45625 0.8062234794908062 0.45208333333333334 0.8132956152758133 0.4479166666666667 0.8330975954738331 0.4552083333333333 0.8500707213578501 0.44583333333333336
0 0.8741159830268741 0.3625 0.8953323903818954 0.36354166666666665 0.9151343705799151 0.371875 0.9321074964639321 0.38958333333333334 0.9349363507779349 0.4041666666666667 0.9193776520509194 0.4322916666666667 0.8458274398868458 0.44895833333333335 0.8203677510608204 0.43645833333333334 0.7977369165487977 0.40208333333333335 0.8472418670438473 0.36770833333333336
0 0.7977369165487977 0.2989583333333333 0.8231966053748232 0.3 0.8486562942008486 0.3104166666666667 0.8613861386138614 0.328125 0.8613861386138614 0.3416666666666667 0.8373408769448374 0.3802083333333333 0.7949080622347949 0.39895833333333336 0.751060820367751 0.37916666666666665 0.7411598302687411 0.3697916666666667 0.7411598302687411 0.36354166666666665 0.7524752475247525 0.3229166666666667
0 0.6817538896746818 0.21979166666666666 0.6973125884016973 0.228125 0.6916548797736917 0.24479166666666666 0.7298444130127298 0.24791666666666667 0.7595473833097596 0.25833333333333336 0.7906647807637907 0.27708333333333335 0.7963224893917963 0.28854166666666664 0.7934936350777935 0.30416666666666664 0.743988684582744 0.325 0.7213578500707214 0.3104166666666667 0.6732673267326733 0.303125 0.6718528995756718 0.2760416666666667 0.6902404526166902 0.25104166666666666 0.6746817538896747 0.22916666666666666 0.6746817538896747 0.22291666666666668
0 0.6053748231966054 0.21354166666666666 0.6591230551626591 0.21770833333333334 0.6831683168316832 0.23958333333333334 0.685997171145686 0.2552083333333333 0.6775106082036775 0.27291666666666664 0.6704384724186704 0.284375 0.6562942008486563 0.290625 0.652050919377652 0.29791666666666666 0.611032531824611 0.28125 0.5742574257425742 0.2760416666666667 0.562942008486563 0.2677083333333333 0.5643564356435643 0.23020833333333332 0.5742574257425742 0.22291666666666668
0 0.48514851485148514 0.20520833333333333 0.5247524752475248 0.20833333333333334 0.562942008486563 0.23229166666666667 0.562942008486563 0.2760416666666667 0.545968882602546 0.29791666666666666 0.5374823196605375 0.2791666666666667 0.5190947666195191 0.2708333333333333 0.44413012729844414 0.26458333333333334 0.44130127298444133 0.26145833333333335 0.43564356435643564 0.23333333333333334 0.43847241867043846 0.221875 0.4667609618104668 0.20833333333333334
0 0.38613861386138615 0.20520833333333333 0.4087694483734088 0.20625 0.43422913719943423 0.22083333333333333 0.44695898161244696 0.25104166666666666 0.43705799151343705 0.271875 0.4200848656294201 0.2875 0.4101838755304102 0.290625 0.36633663366336633 0.2875 0.3507779349363508 0.2791666666666667 0.347949080622348 0.27291666666666664 0.33946251768033947 0.24166666666666667 0.3451202263083451 0.228125 0.36775106082036774 0.209375
0 0.27864214992927866 0.228125 0.3026874115983027 0.228125 0.3323903818953324 0.23541666666666666 0.347949080622348 0.25104166666666666 0.347949080622348 0.26458333333333334 0.33663366336633666 0.28854166666666664 0.3041018387553041 0.29583333333333334 0.28005657708628007 0.30625 0.26591230551626593 0.31875 0.25742574257425743 0.340625 0.25035360678925034 0.3416666666666667 0.24611032531824611 0.33541666666666664 0.24752475247524752 0.30416666666666664 0.22206506364922207 0.278125 0.21782178217821782 0.26458333333333334 0.22347949080622348 0.2520833333333333 0.23903818953323905 0.240625
0 0.18104667609618105 0.271875 0.214992927864215 0.27395833333333336 0.24045261669024046 0.2875 0.25035360678925034 0.303125 0.256011315417256 0.32916666666666666 0.26732673267326734 0.3416666666666667 0.2376237623762376 0.34479166666666666 0.214992927864215 0.3541666666666667 0.19094766619519093 0.3572916666666667 0.1485148514851485 0.38125 0.11315417256011315 0.3541666666666667 0.11032531824611033 0.328125 0.1371994342291372 0.29270833333333335 0.16265912305516267 0.27708333333333335
0 0.2376237623762376 0.340625 0.26732673267326734 0.34270833333333334 0.2942008486562942 0.3541666666666667 0.3041018387553041 0.3770833333333333 0.297029702970297 0.40208333333333335 0.24611032531824611 0.42291666666666666 0.19236209335219237 0.42291666666666666 0.1669024045261669 0.4166666666666667 0.14992927864214992 0.39791666666666664 0.15275813295615276 0.37916666666666665 0.2036775106082037 0.3458333333333333
0 0.3026874115983027 0.4041666666666667 0.33804809052333806 0.40729166666666666 0.3620933521923621 0.41875 0.3734087694483734 0.43854166666666666 0.36916548797736914 0.45729166666666665 0.32673267326732675 0.490625 0.22772277227722773 0.48541666666666666 0.22913719943422914 0.45729166666666665 0.23903818953323905 0.4375 0.26449787835926447 0.41770833333333335
0 0.24186704384724186 0.484375 0.2913719943422914 0.48541666666666666 0.32956152758132956 0.503125 0.347949080622348 0.525 0.3465346534653465 0.5489583333333333 0.33663366336633666 0.5677083333333334 0.31966053748231965 0.5729166666666666 0.25884016973125884 0.5729166666666666 0.2376237623762376 0.5677083333333334 0.1966053748231966 0.54375 0.19094766619519093 0.51875 0.20084865629420084 0.5041666666666667 0.21923620933521923 0.490625
0 0.37623762376237624 0.5177083333333333 0.42715700141442714 0.5208333333333334 0.4497878359264498 0.5260416666666666 0.4724186704384724 0.5375 0.4893917963224894 0.5572916666666666 0.4908062234794908 0.5739583333333333 0.48514851485148514 0.5864583333333333 0.46534653465346537 0.596875 0.4214992927864215 0.6041666666666666 0.3932107496463932 0.6020833333333333 0.37057991513437055 0.59375 0.3521923620933522 0.5770833333333333 0.3465346534653465 0.553125 0.3536067892503536 0.5260416666666666
0 0.5190947666195191 0.475 0.5445544554455446 0.475 0.5657708628005658 0.48125 0.5869872701555869 0.49166666666666664 0.6152758132956153 0.5145833333333333 0.6251768033946252 0.528125 0.6294200848656294 0.5458333333333333 0.6082036775106082 0.5760416666666667 0.5912305516265912 0.578125 0.5289957567185289 0.5708333333333333 0.49646393210749645 0.5614583333333333 0.4809052333804809 0.5458333333333333 0.4681753889674682 0.528125 0.471004243281471 0.4979166666666667 0.4837340876944837 0.484375
0 0.6775106082036775 0.434375 0.7128712871287128 0.440625 0.7355021216407355 0.45625 0.7425742574257426 0.4708333333333333 0.7369165487977369 0.50625 0.7241867043847242 0.525 0.6973125884016973 0.5385416666666667 0.6322489391796322 0.5364583333333334 0.6039603960396039 0.5083333333333333 0.6053748231966054 0.49166666666666664 0.6322489391796322 0.4552083333333333 0.6534653465346535 0.44166666666666665
0 0.7284299858557284 0.37083333333333335 0.743988684582744 0.3729166666666667 0.7722772277227723 0.3854166666666667 0.8062234794908062 0.41041666666666665 0.826025459688826 0.4395833333333333 0.8387553041018387 0.4479166666666667 0.8359264497878359 0.46770833333333334 0.8175388967468176 0.4583333333333333 0.7949080622347949 0.45416666666666666 0.768033946251768 0.45416666666666666 0.743988684582744 0.4625 0.7128712871287128 0.44375 0.6803394625176803 0.43333333333333335 0.6789250353606789 0.390625 0.6987270155586988 0.378125
0 0.6124469589816125 0.36041666666666666 0.6308345120226309 0.3614583333333333 0.6633663366336634 0.378125 0.6732673267326733 0.39166666666666666 0.6789250353606789 0.43125 0.6237623762376238 0.46145833333333336 0.5827439886845828 0.46145833333333336 0.57001414427157 0.45729166666666665 0.5586987270155587 0.44479166666666664 0.5586987270155587 0.39479166666666665 0.57991513437058 0.37083333333333335
0 0.4667609618104668 0.38333333333333336 0.5233380480905233 0.39479166666666665 0.5516265912305516 0.41770833333333335 0.5615275813295615 0.43854166666666666 0.5615275813295615 0.4510416666666667 0.5487977369165488 0.4739583333333333 0.4794908062234795 0.4822916666666667 0.44837340876944837 0.45416666666666666 0.44130127298444133 0.44375 0.44271570014144274 0.43020833333333336
0 0.4045261669024045 0.44583333333333336 0.4582743988684583 0.45625 0.48514851485148514 0.48333333333333334 0.45544554455445546 0.5177083333333333 0.4158415841584158 0.5229166666666667 0.3507779349363508 0.521875 0.33946251768033947 0.50625 0.33946251768033947 0.48854166666666665 0.347949080622348 0.4708333333333333 0.36775106082036774 0.4552083333333333
0 0.4002828854314003 0.340625 0.41725601131541723 0.3416666666666667 0.43705799151343705 0.35 0.4611032531824611 0.378125 0.4625176803394625 0.39375 0.4526166902404526 0.425 0.43988684582743987 0.4395833333333333 0.4214992927864215 0.44583333333333336 0.4031117397454031 0.44583333333333336 0.37906647807637905 0.4395833333333333 0.33946251768033947 0.4041666666666667 0.3408769448373409 0.38229166666666664 0.3521923620933522 0.3614583333333333 0.36916548797736914 0.3489583333333333
0 0.5176803394625177 0.31979166666666664 0.545968882602546 0.3229166666666667 0.5643564356435643 0.33541666666666664 0.5827439886845828 0.35833333333333334 0.5855728429985856 0.36666666666666664 0.562942008486563 0.3958333333333333 0.5572842998585573 0.421875 0.5445544554455446 0.41875 0.5388967468175389 0.41041666666666665 0.5148514851485149 0.39791666666666664 0.46534653465346537 0.3854166666666667 0.45544554455445546 0.3729166666666667 0.45403111739745405 0.3541666666666667 0.4625176803394625 0.3385416666666667 0.4823196605374823 0.32708333333333334
0 0.6944837340876945 0.3 0.7128712871287128 0.3020833333333333 0.7383309759547383 0.3177083333333333 0.7454031117397454 0.3333333333333333 0.7411598302687411 0.3645833333333333 0.727015558698727 0.375 0.7086280056577087 0.378125 0.685997171145686 0.3885416666666667 0.669024045261669 0.38958333333333334 0.6407355021216408 0.36875 0.6393210749646393 0.35208333333333336 0.6591230551626591 0.31354166666666666
0 0.5657708628005658 0.27395833333333336 0.5968882602545968 0.275 0.6449787835926449 0.29270833333333335 0.6619519094766619 0.28958333333333336 0.6718528995756718 0.28020833333333334 0.6845827439886846 0.303125 0.6633663366336634 0.30625 0.6577086280056577 0.3020833333333333 0.6548797736916548 0.33229166666666665 0.6435643564356436 0.359375 0.6364922206506365 0.3645833333333333 0.5841584158415841 0.36666666666666664 0.5770862800565771 0.35104166666666664 0.5332390381895332 0.3177083333333333 0.5445544554455446 0.28541666666666665
0 0.4596888260254597 0.2625 0.5035360678925035 0.2625 0.536067892503536 0.27291666666666664 0.5473833097595474 0.28958333333333336 0.545968882602546 0.32395833333333335 0.5304101838755304 0.3229166666666667 0.4724186704384724 0.33645833333333336 0.4582743988684583 0.334375 0.4328147100424328 0.31354166666666666 0.4200848656294201 0.2875 0.4229137199434229 0.2791666666666667 0.43988684582743987 0.26666666666666666
0 0.3437057991513437 0.28020833333333334 0.36916548797736914 0.28229166666666666 0.3917963224893918 0.29270833333333335 0.39603960396039606 0.309375 0.3932107496463932 0.32916666666666666 0.38472418670438474 0.340625 0.3521923620933522 0.3645833333333333 0.3437057991513437 0.36770833333333336 0.3026874115983027 0.365625 0.26308345120226306 0.3416666666666667 0.26591230551626593 0.31666666666666665 0.272984441301273 0.30625 0.3041018387553041 0.2875