0 0.3786407766990291 0.21844660194174756 0.4563106796116505 0.23786407766990292 0.4854368932038835 0.30097087378640774 0.4563106796116505 0.4029126213592233 0.39805825242718446 0.4368932038834951 0.3446601941747573 0.4223300970873786 0.30097087378640774 0.3300970873786408 0.32038834951456313 0.24757281553398058
0 0.20388349514563106 0.24757281553398058 0.30097087378640774 0.27184466019417475 0.33980582524271846 0.4223300970873786 0.2766990291262136 0.48058252427184467 0.18932038834951456 0.46116504854368934 0.13106796116504854 0.3592233009708738 0.1407766990291262 0.2815533980582524
0 0.06796116504854369 0.3592233009708738 0.13592233009708737 0.3640776699029126 0.17475728155339806 0.441747572815534 0.21359223300970873 0.470873786407767 0.2087378640776699 0.5631067961165048 0.11165048543689321 0.5776699029126213 0.03398058252427184 0.529126213592233 0.024271844660194174 0.4223300970873786
0 0.46601941747572817 0.24757281553398058 0.558252427184466 0.30097087378640774 0.6116504854368932 0.3058252427184466 0.6310679611650486 0.33495145631067963 0.6262135922330098 0.3932038834951456 0.5194174757281553 0.47572815533980584 0.470873786407767 0.46116504854368934 0.45145631067961167 0.4320388349514563 0.48058252427184467 0.3446601941747573
0 0.5728155339805825 0.46601941747572817 0.6504854368932039 0.48058252427184467 0.6990291262135923 0.558252427184466 0.6893203883495146 0.6601941747572816 0.6553398058252428 0.6990291262135923 0.6116504854368932 0.7135922330097088 0.5436893203883495 0.6990291262135923 0.5097087378640777 0.5825242718446602 0.5242718446601942 0.49514563106796117
0 0.33495145631067963 0.42718446601941745 0.44660194174757284 0.42718446601941745 0.5 0.5 0.5048543689320388 0.5825242718446602 0.46116504854368934 0.6504854368932039 0.30097087378640774 0.6504854368932039 0.2621359223300971 0.5970873786407767 0.2669902912621359 0.5097087378640777
0 0.5339805825242718 0.7475728155339806 0.6116504854368932 0.7718446601941747 0.6650485436893204 0.8495145631067961 0.6747572815533981 0.912621359223301 0.6601941747572816 0.9611650485436893 0.587378640776699 1 0.5194174757281553 0.9951456310679612 0.470873786407767 0.941747572815534 0.4854368932038835 0.8106796116504854
0 0.7087378640776699 0.6456310679611651 0.7864077669902912 0.6504854368932039 0.8349514563106796 0.6893203883495146 0.8349514563106796 0.7330097087378641 0.8009708737864077 0.7718446601941747 0.8203883495145631 0.7815533980582524 0.8058252427184466 0.8252427184466019 0.8300970873786407 0.8300970873786407 0.8300970873786407 0.8640776699029126 0.7621359223300971 0.941747572815534 0.7233009708737864 0.941747572815534 0.6796116504854369 0.9077669902912622 0.6359223300970874 0.7864077669902912 0.6504854368932039 0.7038834951456311
0 0.7135922330097088 0.5728155339805825 0.8106796116504854 0.6019417475728155 0.8398058252427184 0.6699029126213593 0.8106796116504854 0.6796116504854369 0.7718446601941747 0.6504854368932039 0.6990291262135923 0.6407766990291263 0.6990291262135923 0.5825242718446602
0 0.16019417475728157 0.587378640776699 0.23300970873786409 0.6019417475728155 0.2766990291262136 0.6553398058252428 0.23300970873786409 0.7330097087378641 0.24757281553398058 0.8446601941747572 0.18932038834951456 0.8640776699029126 0.12135922330097088 0.8543689320388349 0.06796116504854369 0.7766990291262136 0.0825242718446602 0.6699029126213593
0 0.5 0.5776699029126213 0.5388349514563107 0.6601941747572816 0.5388349514563107 0.7087378640776699 0.4563106796116505 0.7524271844660194 0.41262135922330095 0.6553398058252428 0.470873786407767 0.6262135922330098
0 0.3300970873786408 0.6456310679611651 0.3786407766990291 0.6504854368932039 0.44660194174757284 0.6990291262135923 0.46116504854368934 0.8592233009708737 0.45145631067961167 0.8883495145631068 0.4077669902912621 0.9174757281553398 0.32524271844660196 0.912621359223301 0.27184466019417475 0.8737864077669902 0.23300970873786409 0.8058252427184466 0.23786407766990292 0.7038834951456311
0 0.6310679611650486 0.3786407766990291 0.6893203883495146 0.4077669902912621 0.7184466019417476 0.44660194174757284 0.7233009708737864 0.49029126213592233 0.6990291262135923 0.5388349514563107 0.6359223300970874 0.47572815533980584 0.5388349514563107 0.4854368932038835
0 0.7233009708737864 0.09223300970873786 0.7718446601941747 0.09223300970873786 0.8203883495145631 0.12135922330097088 0.8300970873786407 0.1650485436893204 0.8106796116504854 0.2087378640776699 0.7184466019417476 0.19902912621359223 0.6601941747572816 0.1650485436893204 0.6844660194174758 0.11650485436893204
0 0.8689320388349514 0.02912621359223301 0.9271844660194175 0.06796116504854369 0.9320388349514563 0.10679611650485436 0.912621359223301 0.1407766990291262 0.8349514563106796 0.1650485436893204 0.7961165048543689 0.10194174757281553 0.8009708737864077 0.07766990291262135
0 0.9029126213592233 0.13592233009708737 0.941747572815534 0.16990291262135923 0.9271844660194175 0.22815533980582525 0.8252427184466019 0.22330097087378642 0.8349514563106796 0.1650485436893204
0 0.3155339805825243 0.08737864077669903 0.4077669902912621 0.08737864077669903 0.441747572815534 0.10679611650485436 0.44660194174757284 0.15048543689320387 0.4077669902912621 0.20388349514563106 0.32524271844660196 0.21359223300970873 0.28640776699029125 0.18446601941747573 0.28640776699029125 0.11165048543689321
0 0.21359223300970873 0.0825242718446602 0.2815533980582524 0.1262135922330097 0.28640776699029125 0.1941747572815534 0.1553398058252427 0.1941747572815534 0.06796116504854369 0.1407766990291262 0.1262135922330097 0.09223300970873786
0 0.23786407766990292 0 0.42718446601941745 0 0.4223300970873786 0.07766990291262135 0.36893203883495146 0.09223300970873786 0.23786407766990292 0.07766990291262135 0.25728155339805825 0.03398058252427184