0 0.3754152823920266 0.172 0.44518272425249167 0.18 0.5016611295681063 0.208 0.5182724252491694 0.242 0.4850498338870432 0.288 0.3521594684385382 0.336 0.2823920265780731 0.338 0.18604651162790697 0.358 0.19269102990033224 0.342 0.1461794019933555 0.328 0.12624584717607973 0.308 0.11627906976744186 0.24 0.12956810631229235 0.214 0.19933554817275748 0.184 0.32558139534883723 0.184
0 0.5980066445182725 0.044 0.7242524916943521 0.048 0.7641196013289037 0.06 0.8006644518272426 0.088 0.8073089700996677 0.124 0.7774086378737541 0.15 0.7674418604651163 0.184 0.7275747508305648 0.206 0.6710963455149501 0.222 0.5647840531561462 0.22 0.4950166112956811 0.206 0.4318936877076412 0.18 0.4152823920265781 0.158 0.40863787375415284 0.104 0.4186046511627907 0.088 0.4584717607973422 0.068
0 0.8538205980066446 0.244 0.9335548172757475 0.25 0.9900332225913622 0.282 1 0.294 0.9966777408637874 0.366 0.8903654485049833 0.43 0.8338870431893688 0.448 0.7308970099667774 0.464 0.6478405315614618 0.458 0.6146179401993356 0.442 0.5913621262458472 0.412 0.6179401993355482 0.354 0.7142857142857143 0.286 0.7906976744186046 0.256
0 0.5780730897009967 0.218 0.6843853820598007 0.234 0.7242524916943521 0.272 0.7142857142857143 0.292 0.6378737541528239 0.338 0.5913621262458472 0.388 0.4684385382059801 0.374 0.44518272425249167 0.346 0.5049833887043189 0.25
0 0.707641196013289 0.47 0.7641196013289037 0.47 0.8504983388704319 0.486 0.9269102990033222 0.522 0.9667774086378738 0.578 0.9634551495016611 0.618 0.9302325581395349 0.648 0.8737541528239202 0.664 0.8039867109634552 0.664 0.7342192691029901 0.65 0.6345514950166113 0.608 0.6013289036544851 0.568 0.6046511627906976 0.524 0.6445182724252492 0.488
0 0.28903654485049834 0.336 0.34219269102990035 0.336 0.40863787375415284 0.35 0.4418604651162791 0.362 0.4983388704318937 0.402 0.5116279069767442 0.446 0.4983388704318937 0.456 0.5049833887043189 0.496 0.4883720930232558 0.522 0.3687707641196013 0.526 0.3089700996677741 0.508 0.17940199335548174 0.448 0.15946843853820597 0.418 0.17275747508305647 0.376 0.21262458471760798 0.352
0 0.8272425249169435 0.804 0.8704318936877077 0.804 0.8903654485049833 0.812 0.9235880398671097 0.84 0.9302325581395349 0.862 0.9102990033222591 0.926 0.8471760797342193 0.966 0.7275747508305648 0.992 0.627906976744186 0.992 0.5415282392026578 0.978 0.4983388704318937 0.952 0.4750830564784053 0.926 0.4750830564784053 0.906 0.4850498338870432 0.874 0.5249169435215947 0.84 0.6146179401993356 0.826 0.6677740863787376 0.808 0.760797342192691 0.814
0 0.5415282392026578 0.69 0.5980066445182725 0.694 0.6478405315614618 0.714 0.6910299003322259 0.744 0.6910299003322259 0.782 0.6777408637873754 0.802 0.6411960132890365 0.824 0.5714285714285714 0.842 0.48172757475083056 0.838 0.4318936877076412 0.826 0.4053156146179402 0.81 0.39867109634551495 0.696
0 0.7508305647840532 0.658 0.8538205980066446 0.662 0.8903654485049833 0.686 0.9036544850498339 0.742 0.8903654485049833 0.778 0.8571428571428571 0.806 0.7475083056478405 0.818 0.6877076411960132 0.808 0.6943521594684385 0.694 0.717607973421927 0.67
0 0.31561461794019935 0.682 0.37209302325581395 0.696 0.4019933554817276 0.726 0.4119601328903654 0.79 0.36212624584717606 0.842 0.29900332225913623 0.874 0.21262458471760798 0.9 0.12956810631229235 0.904 0.036544850498338874 0.88 0.013289036544850499 0.86 0.006644518272425249 0.822 0.03986710963455149 0.776 0.10963455149501661 0.74 0.19269102990033224 0.724
0 0.1461794019933555 0.428 0.16943521594684385 0.436 0.18604651162790697 0.458 0.24584717607973422 0.474 0.30564784053156147 0.504 0.31893687707641194 0.528 0.3089700996677741 0.57 0.2691029900332226 0.612 0.23920265780730898 0.604 0.2059800664451827 0.612 0.013289036544850499 0.62 0 0.616 0 0.456
0 0.4684385382059801 0.528 0.584717607973422 0.55 0.6378737541528239 0.608 0.6245847176079734 0.658 0.5647840531561462 0.688 0.4750830564784053 0.692 0.4119601328903654 0.686 0.292358803986711 0.658 0.26245847176079734 0.64 0.2757475083056478 0.6 0.3289036544850498 0.54 0.43853820598006643 0.536