0 0.6270833333333333 0.3074074074074074 0.7270833333333333 0.31851851851851853 0.8125 0.40370370370370373 0.8395833333333333 0.48518518518518516 0.8375 0.5444444444444444 0.8229166666666666 0.5962962962962963 0.7666666666666667 0.6851851851851852 0.70625 0.7185185185185186 0.6125 0.7111111111111111 0.5604166666666667 0.6555555555555556 0.5291666666666667 0.5666666666666667 0.525 0.4962962962962963 0.5333333333333333 0.4185185185185185 0.5666666666666667 0.34814814814814815
0 0.56875 0.7814814814814814 0.5979166666666667 0.7814814814814814 0.6416666666666667 0.8148148148148148 0.6833333333333333 0.9 0.6979166666666666 0.9481481481481482 0.7020833333333333 1 0.48333333333333334 1 0.4979166666666667 0.9074074074074074 0.5229166666666667 0.8888888888888888
0 0.42291666666666666 0.48148148148148145 0.4791666666666667 0.4888888888888889 0.5125 0.5222222222222223 0.5291666666666667 0.5481481481481482 0.55625 0.6481481481481481 0.5625 0.7074074074074074 0.55625 0.8111111111111111 0.5375 0.8703703703703703 0.5083333333333333 0.9074074074074074 0.4625 0.9037037037037037 0.41458333333333336 0.8592592592592593 0.3770833333333333 0.7962962962962963 0.35208333333333336 0.7185185185185186 0.3458333333333333 0.6185185185185185 0.35833333333333334 0.5555555555555556 0.3875 0.5037037037037037
0 0.32916666666666666 0.7222222222222222 0.35625 0.725925925925926 0.41041666666666665 0.8629629629629629 0.42083333333333334 0.9037037037037037 0.4125 0.9777777777777777 0.39791666666666664 1 0.20833333333333334 1 0.19583333333333333 0.9555555555555556 0.19375 0.8851851851851852 0.21041666666666667 0.8148148148148148 0.25 0.7592592592592593
0 0.15416666666666667 0.5925925925925926 0.25 0.6074074074074074 0.2833333333333333 0.6814814814814815 0.3229166666666667 0.7185185185185186 0.26458333333333334 0.7518518518518519 0.22291666666666668 0.8 0.19166666666666668 0.9148148148148149 0.15 0.9 0.09583333333333334 0.8296296296296296 0.08333333333333333 0.7814814814814814 0.08125 0.725925925925926 0.09583333333333334 0.6555555555555556 0.12083333333333333 0.6148148148148148
0 0 0.774074074074074 0.05416666666666667 0.7888888888888889 0.1 0.8296296296296296 0.15833333333333333 0.9185185185185185 0.17708333333333334 0.9962962962962963 0.029166666666666667 1 0 0.9851851851851852 0 0.8888888888888888 0.014583333333333334 0.8851851851851852 0 0.8814814814814815
0 0.8729166666666667 0.7703703703703704 0.95 0.774074074074074 1 0.8037037037037037 1 1 0.7875 1 0.7854166666666667 0.9111111111111111 0.7958333333333333 0.8555555555555555 0.8291666666666667 0.7925925925925926
0 0.7916666666666666 0.6370370370370371 0.8333333333333334 0.6666666666666666 0.8666666666666667 0.737037037037037 0.8708333333333333 0.774074074074074 0.8333333333333334 0.8 0.80625 0.8481481481481481 0.79375 0.8962962962962963 0.7895833333333333 1 0.7208333333333333 1 0.7375 0.9814814814814815 0.7083333333333334 0.9629629629629629 0.6979166666666666 0.9074074074074074 0.625 0.7925925925925926 0.6041666666666666 0.7444444444444445 0.6 0.7074074074074074 0.70625 0.7111111111111111 0.7541666666666667 0.6851851851851852
0 0.8979166666666667 0.337037037037037 0.94375 0.34074074074074073 1 0.3851851851851852 1 0.7407407407407407 0.9875 0.762962962962963 0.96875 0.7407407407407407 0.8729166666666667 0.7333333333333333 0.8020833333333334 0.6333333333333333 0.8333333333333334 0.5333333333333333 0.8229166666666666 0.40370370370370373 0.8541666666666666 0.362962962962963
0 0.9333333333333333 0.0962962962962963 0.9645833333333333 0.1111111111111111 0.9916666666666667 0.1814814814814815 0.99375 0.23703703703703705 0.9729166666666667 0.3148148148148148 0.9791666666666666 0.35555555555555557 0.8895833333333333 0.34074074074074073 0.8520833333333333 0.362962962962963 0.8229166666666666 0.40370370370370373 0.8104166666666667 0.40370370370370373 0.7854166666666667 0.37037037037037035 0.7958333333333333 0.34444444444444444 0.79375 0.3074074074074074 0.775 0.22592592592592592 0.7895833333333333 0.17037037037037037 0.8125 0.13333333333333333 0.84375 0.1111111111111111
0 0.7208333333333333 0.18888888888888888 0.7520833333333333 0.2 0.7833333333333333 0.24814814814814815 0.7958333333333333 0.28888888888888886 0.7958333333333333 0.32592592592592595 0.7833333333333333 0.362962962962963 0.7104166666666667 0.3148148148148148 0.61875 0.3037037037037037 0.6208333333333333 0.2814814814814815 0.65 0.23703703703703705
0 0.45625 0.14814814814814814 0.5333333333333333 0.17037037037037037 0.6229166666666667 0.26666666666666666 0.6125 0.3148148148148148 0.56875 0.35185185185185186 0.5395833333333333 0.4111111111111111 0.5270833333333333 0.5333333333333333 0.4625 0.48518518518518516 0.4166666666666667 0.48518518518518516 0.3854166666666667 0.4111111111111111 0.3729166666666667 0.3333333333333333 0.37916666666666665 0.24814814814814815 0.39791666666666664 0.1925925925925926
0 0.31875 0.37777777777777777 0.38125 0.37777777777777777 0.38125 0.4074074074074074 0.42291666666666666 0.4777777777777778 0.36875 0.5407407407407407 0.3416666666666667 0.6444444444444445 0.34375 0.6962962962962963 0.325 0.7111111111111111 0.3020833333333333 0.7037037037037037 0.275 0.6703703703703704 0.23958333333333334 0.5555555555555556 0.24166666666666667 0.4925925925925926 0.26458333333333334 0.42962962962962964 0.29583333333333334 0.3888888888888889
0 0.022916666666666665 0.2814814814814815 0.075 0.2814814814814815 0.11875 0.3 0.15625 0.3296296296296296 0.18333333333333332 0.37407407407407406 0.20625 0.44074074074074077 0.20625 0.5074074074074074 0.1875 0.5814814814814815 0.125 0.6111111111111112 0.08958333333333333 0.6703703703703704 0.08125 0.6592592592592592 0 0.6666666666666666 0 0.5222222222222223 0.00625 0.5111111111111111 0 0.48518518518518516 0 0.3
0 0.20833333333333334 0.32222222222222224 0.24791666666666667 0.32592592592592595 0.28125 0.362962962962963 0.2791666666666667 0.40370370370370373 0.23333333333333334 0.5074074074074074 0.20833333333333334 0.5037037037037037 0.19583333333333333 0.4185185185185185 0.16875 0.362962962962963 0.175 0.337037037037037
0 0.18958333333333333 0.10740740740740741 0.23541666666666666 0.11481481481481481 0.2625 0.15185185185185185 0.26458333333333334 0.3074074074074074 0.16041666666666668 0.3148148148148148 0.14583333333333334 0.2851851851851852 0.13541666666666666 0.23703703703703705 0.1375 0.17777777777777778 0.16458333333333333 0.12222222222222222
0 0.33958333333333335 0.06296296296296296 0.3958333333333333 0.1 0.42916666666666664 0.15925925925925927 0.39375 0.21481481481481482 0.3770833333333333 0.3111111111111111 0.38333333333333336 0.36666666666666664 0.37083333333333335 0.37777777777777777 0.3104166666666667 0.37777777777777777 0.28958333333333336 0.35555555555555557 0.2833333333333333 0.2740740740740741 0.2625 0.16666666666666666 0.2625 0.13333333333333333 0.2833333333333333 0.07407407407407407
0 0.6020833333333333 0 0.7041666666666667 0 0.7229166666666667 0.1111111111111111 0.7125 0.18888888888888888 0.6520833333333333 0.23703703703703705 0.6333333333333333 0.26666666666666666 0.61875 0.26666666666666666 0.5770833333333333 0.2111111111111111 0.5583333333333333 0.14814814814814814 0.5625 0.08148148148148149 0.575 0.040740740740740744
0 0.7541666666666667 0.014814814814814815 0.81875 0.03333333333333333 0.8604166666666667 0.1 0.80625 0.14814814814814814 0.78125 0.22962962962962963 0.74375 0.1962962962962963 0.7041666666666667 0.1925925925925926 0.71875 0.13333333333333333 0.7104166666666667 0.040740740740740744 0.7208333333333333 0.022222222222222223
0 0.38958333333333334 0 0.5104166666666666 0 0.5375 0.05185185185185185 0.55 0.13333333333333333 0.5229166666666667 0.15555555555555556 0.4583333333333333 0.14814814814814814 0.425 0.15925925925925927 0.4041666666666667 0.11481481481481481 0.37083333333333335 0.08148148148148149