0 0.592797783933518 0.6900369003690037 0.6301939058171745 0.6955719557195572 0.6426592797783933 0.7084870848708487 0.6523545706371191 0.7472324723247232 0.6523545706371191 0.7988929889298892 0.6232686980609419 0.8542435424354243 0.5997229916897507 0.8726937269372693 0.5775623268698061 0.8763837638376384 0.5650969529085873 0.8671586715867159 0.5470914127423823 0.8247232472324724 0.5429362880886427 0.7453874538745388 0.5581717451523546 0.7084870848708487
0 0.7576177285318559 0.7324723247232472 0.7825484764542936 0.7416974169741697 0.8019390581717452 0.7730627306273062 0.8047091412742382 0.8339483394833949 0.796398891966759 0.8690036900369004 0.7728531855955678 0.9077490774907749 0.7368421052631579 0.9114391143911439 0.7091412742382271 0.8634686346863468 0.7008310249307479 0.8191881918819188 0.703601108033241 0.7970479704797048 0.7423822714681441 0.7416974169741697
0 0.6883656509695291 0.6014760147601476 0.7257617728531855 0.6051660516605166 0.7534626038781164 0.6328413284132841 0.760387811634349 0.6568265682656826 0.760387811634349 0.6881918819188192 0.7520775623268698 0.7269372693726938 0.7271468144044322 0.7730627306273062 0.7091412742382271 0.7878228782287823 0.6814404432132964 0.7804428044280443 0.667590027700831 0.7638376383763837 0.6412742382271468 0.6512915129151291 0.6426592797783933 0.6328413284132841 0.6523545706371191 0.6199261992619927
0 0.6648199445983379 0.36531365313653136 0.6980609418282548 0.36531365313653136 0.7174515235457064 0.3726937269372694 0.7409972299168975 0.4095940959409594 0.7479224376731302 0.44095940959409596 0.7437673130193906 0.47601476014760147 0.7271468144044322 0.503690036900369 0.7132963988919667 0.514760147601476 0.6814404432132964 0.5129151291512916 0.6565096952908587 0.492619926199262 0.6385041551246537 0.466789667896679 0.6343490304709142 0.4354243542435424 0.6371191135734072 0.3837638376383764 0.6454293628808865 0.3726937269372694
0 0.45290858725761773 0.7656826568265682 0.4792243767313019 0.7749077490774908 0.48614958448753465 0.8136531365313653 0.46121883656509693 0.8579335793357934 0.4445983379501385 0.8616236162361623 0.42382271468144045 0.8376383763837638 0.4196675900277008 0.8007380073800738 0.43490304709141275 0.7749077490774908
0 0.4404432132963989 0.7066420664206642 0.47506925207756234 0.7158671586715867 0.48753462603878117 0.7269372693726938 0.4903047091412742 0.7398523985239852 0.4903047091412742 0.7859778597785978 0.48337950138504154 0.7988929889298892 0.48337950138504154 0.8191881918819188 0.46398891966759004 0.8487084870848709 0.4806094182825485 0.7988929889298892 0.4709141274238227 0.7712177121771218 0.4473684210526316 0.7693726937269373 0.43351800554016623 0.7785977859778598 0.4224376731301939 0.7970479704797048 0.42105263157894735 0.8247232472324724 0.41412742382271467 0.8007380073800738 0.4155124653739612 0.7343173431734318 0.4279778393351801 0.7140221402214022
0 0.3060941828254848 0.41697416974169743 0.33933518005540164 0.4188191881918819 0.3670360110803324 0.43911439114391143 0.37534626038781166 0.470479704797048 0.3739612188365651 0.496309963099631 0.3628808864265928 0.5313653136531366 0.3545706371191136 0.540590405904059 0.314404432132964 0.5479704797047971 0.2880886426592798 0.5313653136531366 0.278393351800554 0.45387453874538747 0.2853185595567867 0.42988929889298894
0 0.4404432132963989 0.35977859778597787 0.4792243767313019 0.3671586715867159 0.49722991689750695 0.4261992619926199 0.49584487534626037 0.45202952029520294 0.48614958448753465 0.474169741697417 0.4598337950138504 0.5 0.44182825484764543 0.4907749077490775 0.4224376731301939 0.46494464944649444 0.40443213296398894 0.4151291512915129 0.4099722991689751 0.3763837638376384 0.42105263157894735 0.36531365313653136
0 0.3518005540166205 0.3007380073800738 0.3864265927977839 0.3118081180811808 0.4099722991689751 0.34870848708487084 0.4113573407202216 0.37822878228782286 0.40304709141274236 0.4095940959409594 0.37119113573407203 0.43726937269372695 0.3587257617728532 0.4354243542435424 0.3379501385041551 0.4151291512915129 0.3185595567867036 0.3856088560885609 0.31163434903047094 0.35793357933579334 0.32271468144044324 0.3154981549815498
0 0.2659279778393352 0.11439114391143912 0.3157894736842105 0.13284132841328414 0.33240997229916897 0.16605166051660517 0.33240997229916897 0.19557195571955718 0.32409972299168976 0.22878228782287824 0.2950138504155125 0.26014760147601473 0.2756232686980609 0.26014760147601473 0.2590027700831025 0.23800738007380073 0.24238227146814403 0.1937269372693727 0.24376731301939059 0.14944649446494465
0 0.19806094182825484 0.43726937269372695 0.22160664819944598 0.43911439114391143 0.2451523545706371 0.474169741697417 0.24792243767313019 0.5092250922509225 0.2299168975069252 0.5553505535055351 0.203601108033241 0.544280442804428 0.17174515235457063 0.5055350553505535 0.1731301939058172 0.45940959409594095
0 0.22437673130193905 0.32287822878228783 0.23684210526315788 0.3247232472324723 0.24930747922437674 0.33948339483394835 0.2548476454293629 0.35977859778597787 0.2520775623268698 0.3837638376383764 0.2299168975069252 0.4317343173431734 0.21606648199445982 0.44095940959409596 0.1883656509695291 0.44095940959409596 0.1814404432132964 0.42066420664206644 0.16620498614958448 0.4059040590405904 0.16759002770083103 0.35239852398523985 0.1786703601108033 0.33948339483394835
0 0.11080332409972299 0.3247232472324723 0.1481994459833795 0.3505535055350554 0.16759002770083103 0.3892988929889299 0.16066481994459833 0.4022140221402214 0.13850415512465375 0.4059040590405904 0.11911357340720222 0.4188191881918819 0.1149584487534626 0.46494464944649444 0.10941828254847645 0.45202952029520294 0.11218836565096953 0.4151291512915129 0.10664819944598337 0.3837638376383764
0 0.13988919667590027 0.4022140221402214 0.17590027700831026 0.4114391143911439 0.19667590027700832 0.44095940959409596 0.1786703601108033 0.46863468634686345 0.17590027700831026 0.5129151291512916 0.16204986149584488 0.5239852398523985 0.14958448753462603 0.5239852398523985 0.12880886426592797 0.5092250922509225 0.11911357340720222 0.4833948339483395 0.11911357340720222 0.4225092250922509