0 0.6699186991869919 0.17137096774193547 0.7317073170731707 0.17338709677419356 0.7853658536585366 0.19153225806451613 0.8308943089430895 0.21975806451612903 0.8617886178861789 0.27419354838709675 0.8780487804878049 0.3346774193548387 0.8666666666666667 0.41935483870967744 0.8439024390243902 0.45564516129032256 0.7951219512195122 0.49798387096774194 0.7154471544715447 0.5 0.6195121951219512 0.4596774193548387 0.5983739837398374 0.4435483870967742 0.5577235772357724 0.3911290322580645 0.5447154471544715 0.36088709677419356 0.5414634146341464 0.28830645161290325 0.5528455284552846 0.25 0.6065040650406504 0.1935483870967742
0 0.6292682926829268 0 0.8845528455284553 0 0.9105691056910569 0.036290322580645164 0.9154471544715447 0.1028225806451613 0.8861788617886179 0.16129032258064516 0.8390243902439024 0.2217741935483871 0.8227642276422764 0.21975806451612903 0.7609756097560976 0.18548387096774194 0.7170731707317073 0.17540322580645162 0.6617886178861788 0.1774193548387097 0.5934959349593496 0.20161290322580644 0.5853658536585366 0.1935483870967742 0.5707317073170731 0.12903225806451613 0.6032520325203252 0.03225806451612903
0 0.3382113821138211 0 0.5528455284552846 0 0.5853658536585366 0.05846774193548387 0.5869918699186992 0.0967741935483871 0.5626016260162602 0.14919354838709678 0.4975609756097561 0.23387096774193547 0.46016260162601624 0.2560483870967742 0.4032520325203252 0.27419354838709675 0.36260162601626017 0.23790322580645162 0.3105691056910569 0.2157258064516129 0.2991869918699187 0.18548387096774194 0.2991869918699187 0.12298387096774194 0.3105691056910569 0.046370967741935484
0 0.08292682926829269 0.010080645161290322 0.1024390243902439 0.012096774193548387 0.16422764227642275 0.06048387096774194 0.216260162601626 0.1350806451612903 0.22926829268292684 0.1814516129032258 0.22926829268292684 0.2399193548387097 0.12682926829268293 0.3689516129032258 0.04552845528455285 0.3528225806451613 0 0.3125 0.0016260162601626016 0.02217741935483871 0.011382113821138212 0.014112903225806451
0 0.2894308943089431 0.21370967741935484 0.3105691056910569 0.21370967741935484 0.3544715447154472 0.22983870967741934 0.408130081300813 0.2782258064516129 0.4211382113821138 0.3225806451612903 0.4195121951219512 0.3911290322580645 0.3853658536585366 0.5 0.3300813008130081 0.5725806451612904 0.26991869918699185 0.6068548387096774 0.191869918699187 0.6108870967741935 0.15772357723577235 0.5907258064516129 0.12520325203252033 0.5383064516129032 0.11382113821138211 0.48588709677419356 0.12195121951219512 0.40524193548387094 0.14146341463414633 0.3528225806451613 0.191869918699187 0.28225806451612906 0.25040650406504067 0.22782258064516128
0 0.026016260162601626 0.4838709677419355 0.06341463414634146 0.4899193548387097 0.13170731707317074 0.5483870967741935 0.15772357723577235 0.594758064516129 0.17073170731707318 0.6875 0.14796747967479676 0.7862903225806451 0.11707317073170732 0.8306451612903226 0.06016260162601626 0.875 0.026016260162601626 0.8870967741935484 0 0.8870967741935484 0 0.4899193548387097
0 0.383739837398374 0.5 0.3902439024390244 0.5020161290322581 0.3967479674796748 0.5564516129032258 0.41788617886178864 0.6129032258064516 0.4504065040650406 0.6491935483870968 0.4796747967479675 0.6673387096774194 0.48292682926829267 0.7036290322580645 0.4634146341463415 0.7862903225806451 0.43414634146341463 0.8326612903225806 0.3886178861788618 0.8528225806451613 0.3284552845528455 0.8467741935483871 0.2731707317073171 0.8185483870967742 0.23739837398373984 0.7762096774193549 0.21138211382113822 0.7137096774193549 0.208130081300813 0.6391129032258065 0.22276422764227644 0.6149193548387096 0.2780487804878049 0.6068548387096774 0.31382113821138213 0.5907258064516129
0 0.5983739837398374 0.6169354838709677 0.6634146341463415 0.6270161290322581 0.7235772357723578 0.6512096774193549 0.7495934959349594 0.6875 0.7577235772357723 0.7137096774193549 0.7577235772357723 0.75 0.7479674796747967 0.8044354838709677 0.6910569105691057 0.9435483870967742 0.6373983739837399 0.9899193548387096 0.6130081300813008 1 0.5593495934959349 1 0.5203252032520326 0.9818548387096774 0.4975609756097561 0.9556451612903226 0.4682926829268293 0.8729838709677419 0.46178861788617886 0.780241935483871 0.48292682926829267 0.7036290322580645 0.5024390243902439 0.6754032258064516
0 0.9056910569105691 0.5463709677419355 0.9658536585365853 0.5463709677419355 1 0.5645161290322581 1 0.8911290322580645 0.9951219512195122 0.8931451612903226 0.9170731707317074 0.9092741935483871 0.8699186991869918 0.907258064516129 0.8341463414634146 0.8951612903225806 0.7642276422764228 0.842741935483871 0.7479674796747967 0.7943548387096774 0.7560975609756098 0.719758064516129 0.7739837398373983 0.6491935483870968 0.8308943089430895 0.5826612903225806 0.8682926829268293 0.5584677419354839
0 0.4975609756097561 0.3064516129032258 0.5089430894308943 0.3064516129032258 0.5398373983739837 0.3286290322580645 0.5560975609756098 0.37298387096774194 0.6065040650406504 0.4435483870967742 0.6195121951219512 0.4778225806451613 0.6048780487804878 0.6068548387096774 0.5756097560975609 0.6350806451612904 0.5089430894308943 0.6733870967741935 0.4682926829268293 0.6633064516129032 0.42276422764227645 0.6229838709677419 0.41300813008130083 0.6048387096774194 0.39186991869918697 0.4959677419354839 0.424390243902439 0.35080645161290325 0.46991869918699186 0.3125
0 0.21788617886178863 0.7782258064516129 0.23252032520325203 0.7782258064516129 0.2910569105691057 0.8266129032258065 0.34146341463414637 0.8548387096774194 0.3382113821138211 0.9314516129032258 0.3284552845528455 0.9435483870967742 0.3121951219512195 0.9475806451612904 0.2764227642276423 0.9818548387096774 0.26666666666666666 1 0.09268292682926829 1 0.08455284552845528 0.9657258064516129 0.08617886178861789 0.9415322580645161 0.0959349593495935 0.8971774193548387 0.12195121951219512 0.8387096774193549 0.16910569105691056 0.7943548387096774
0 0.8780487804878049 0.17338709677419356 0.9463414634146341 0.1774193548387097 1 0.1935483870967742 1 0.4375 0.9707317073170731 0.4596774193548387 0.8845528455284553 0.4838709677419355 0.8504065040650407 0.5040322580645161 0.8130081300813008 0.5 0.808130081300813 0.4959677419354839 0.8130081300813008 0.4737903225806452 0.848780487804878 0.43548387096774194 0.8731707317073171 0.37298387096774194 0.8699186991869918 0.3064516129032258 0.8357723577235773 0.2157258064516129
0 0.6422764227642277 0.46774193548387094 0.6943089430894309 0.4838709677419355 0.8016260162601626 0.48588709677419356 0.8178861788617886 0.530241935483871 0.8178861788617886 0.594758064516129 0.7902439024390244 0.6370967741935484 0.751219512195122 0.6774193548387096 0.6943089430894309 0.6411290322580645 0.6276422764227643 0.6229838709677419 0.6146341463414634 0.6088709677419355 0.6065040650406504 0.5766129032258065 0.6113821138211382 0.5100806451612904 0.6178861788617886 0.48588709677419356
0 0.10894308943089431 0 0.11544715447154472 0.016129032258064516 0.15121951219512195 0.04435483870967742 0.19349593495934958 0.10080645161290322 0.216260162601626 0.15120967741935484 0.22926829268292684 0.21975806451612903 0.24878048780487805 0.21975806451612903 0.2943089430894309 0.19153225806451613 0.2991869918699187 0.09879032258064516 0.26178861788617885 0.02217741935483871 0.24390243902439024 0.0020161290322580645