0 0.34270833333333334 0.1375 0.3541666666666667 0.13958333333333334 0.3697916666666667 0.16145833333333334 0.39895833333333336 0.178125 0.3958333333333333 0.215625 0.4010416666666667 0.24583333333333332 0.40208333333333335 0.3020833333333333 0.38958333333333334 0.3489583333333333 0.3927083333333333 0.43020833333333336 0.38229166666666664 0.48854166666666665 0.37083333333333335 0.5083333333333333 0.334375 0.5395833333333333 0.31979166666666664 0.55 0.284375 0.5645833333333333 0.24791666666666667 0.56875 0.19895833333333332 0.5625 0.15729166666666666 0.5489583333333333 0.121875 0.525 0.084375 0.4864583333333333 0.051041666666666666 0.4166666666666667 0.042708333333333334 0.37916666666666665 0.042708333333333334 0.34270833333333334 0.046875 0.3020833333333333 0.06041666666666667 0.2635416666666667 0.10208333333333333 0.19895833333333332 0.12604166666666666 0.19166666666666668 0.13854166666666667 0.18333333333333332 0.18958333333333333 0.17291666666666666 0.23333333333333334 0.171875 0.2625 0.17604166666666668 0.2625 0.190625 0.2520833333333333 0.203125 0.25 0.21979166666666666 0.2552083333333333 0.23229166666666667 0.265625 0.2375 0.2708333333333333 0.21666666666666667 0.28229166666666666 0.20625 0.28854166666666664 0.19166666666666668 0.30416666666666664 0.17395833333333333 0.3302083333333333 0.15520833333333334
0 0.41458333333333336 0.4979166666666667 0.446875 0.503125 0.5010416666666667 0.5260416666666666 0.5541666666666667 0.5614583333333333 0.6 0.6114583333333333 0.6291666666666667 0.665625 0.640625 0.7020833333333333 0.6447916666666667 0.7375 0.6395833333333333 0.8208333333333333 0.628125 0.84375 0.615625 0.8520833333333333 0.5875 0.884375 0.553125 0.9052083333333333 0.5208333333333334 0.9114583333333334 0.465625 0.9114583333333334 0.42083333333333334 0.9020833333333333 0.39375 0.8916666666666667 0.3614583333333333 0.875 0.3145833333333333 0.8427083333333333 0.2677083333333333 0.7895833333333333 0.246875 0.7479166666666667 0.24270833333333333 0.728125 0.246875 0.68125 0.23541666666666666 0.6708333333333333 0.23125 0.6510416666666666 0.24166666666666667 0.625 0.26875 0.6020833333333333 0.27708333333333335 0.5708333333333333 0.353125 0.5302083333333333 0.384375 0.5333333333333333 0.3958333333333333 0.5385416666666667 0.4010416666666667 0.5458333333333333 0.403125 0.5625 0.41041666666666665 0.5697916666666667 0.43645833333333334 0.56875 0.43854166666666666 0.5645833333333333 0.42604166666666665 0.5322916666666667 0.4125 0.5083333333333333
0 0.453125 0.19479166666666667 0.459375 0.196875 0.465625 0.20833333333333334 0.4875 0.20729166666666668 0.5020833333333333 0.20104166666666667 0.575 0.20833333333333334 0.60625 0.196875 0.6177083333333333 0.196875 0.6729166666666667 0.21875 0.7208333333333333 0.259375 0.7572916666666667 0.3177083333333333 0.7677083333333333 0.35625 0.76875 0.4010416666666667 0.7645833333333333 0.425 0.7520833333333333 0.45625 0.7114583333333333 0.5010416666666667 0.6739583333333333 0.521875 0.6364583333333333 0.534375 0.5854166666666667 0.540625 0.5427083333333333 0.5395833333333333 0.515625 0.534375 0.4791666666666667 0.5197916666666667 0.45625 0.5052083333333334 0.42291666666666666 0.46979166666666666 0.41770833333333335 0.4322916666666667 0.42083333333333334 0.40625 0.41875 0.32916666666666666 0.4270833333333333 0.30520833333333336 0.42916666666666664 0.25104166666666666 0.4354166666666667 0.215625 0.440625 0.20208333333333334
0 0.6177083333333333 0.85625 0.6697916666666667 0.8708333333333333 0.70625 0.8739583333333333 0.7364583333333333 0.8864583333333333 0.7635416666666667 0.9364583333333333 0.7697916666666667 0.95625 0.76875 0.9854166666666667 0.7625 1 0.6010416666666667 1 0.6114583333333333 0.9333333333333333 0.5895833333333333 0.8854166666666666 0.6072916666666667 0.8625
0 0.5927083333333333 0.8854166666666666 0.5979166666666667 0.8864583333333333 0.6177083333333333 0.9354166666666667 0.61875 0.965625 0.603125 1 0.4375 1 0.43333333333333335 0.9864583333333333 0.42083333333333334 0.9739583333333334 0.4125 0.9104166666666667 0.46979166666666666 0.9197916666666667 0.50625 0.91875 0.534375 0.9125
0 0.28020833333333334 0.9479166666666666 0.2947916666666667 0.9510416666666667 0.33125 0.9489583333333333 0.35833333333333334 0.9583333333333334 0.38645833333333335 0.978125 0.39375 0.9885416666666667 0.39479166666666665 1 0.221875 1 0.253125 0.9666666666666667 0.271875 0.9625 0.2864583333333333 0.953125
0 0.075 0.8625 0.08854166666666667 0.8677083333333333 0.11145833333333334 0.8875 0.140625 0.9041666666666667 0.1875 0.9114583333333334 0.20520833333333333 0.93125 0.215625 0.959375 0.21458333333333332 0.99375 0.19479166666666667 1 0.058333333333333334 1 0.06145833333333333 0.9354166666666667 0.057291666666666664 0.8895833333333333 0.06145833333333333 0.878125
0 0 0.8458333333333333 0 1 0.0375 1 0.051041666666666666 0.9854166666666667 0.06041666666666667 0.9510416666666667 0.06041666666666667 0.925 0.05416666666666667 0.8822916666666667 0.04895833333333333 0.871875 0.05 0.8614583333333333 0.03958333333333333 0.8583333333333333 0.03854166666666667 0.853125
0 0.7520833333333333 0.7510416666666667 0.7729166666666667 0.7520833333333333 0.7895833333333333 0.7583333333333333 0.8145833333333333 0.7802083333333333 0.8354166666666667 0.81875 0.8385416666666666 0.85 0.8322916666666667 0.875 0.8125 0.909375 0.796875 0.9208333333333333 0.7791666666666667 0.9229166666666667 0.7604166666666666 0.91875 0.7322916666666667 0.884375 0.7072916666666667 0.875 0.68125 0.8729166666666667 0.6739583333333333 0.8625 0.6802083333333333 0.8322916666666667 0.696875 0.8020833333333334 0.70625 0.7947916666666667 0.715625 0.7791666666666667 0.7427083333333333 0.7541666666666667
0 0.9479166666666666 0.83125 0.978125 0.8333333333333334 1 0.8416666666666667 1 1 0.915625 1 0.9114583333333334 0.9895833333333334 0.9083333333333333 0.9604166666666667 0.8947916666666667 0.921875 0.8958333333333334 0.884375 0.90625 0.859375 0.9166666666666666 0.8458333333333333 0.934375 0.834375
0 0.8208333333333333 0.903125 0.8625 0.9104166666666667 0.8791666666666667 0.9177083333333333 0.8916666666666667 0.9291666666666667 0.9135416666666667 0.9739583333333334 0.9145833333333333 1 0.784375 1 0.7770833333333333 0.9958333333333333 0.7739583333333333 0.9833333333333333 0.7802083333333333 0.9427083333333334 0.7958333333333333 0.921875
0 0.8947916666666667 0.5770833333333333 0.9583333333333334 0.5895833333333333 0.98125 0.603125 1 0.621875 1 0.7520833333333333 0.9489583333333333 0.7510416666666667 0.9177083333333333 0.7375 0.8916666666666667 0.71875 0.86875 0.684375 0.8572916666666667 0.6583333333333333 0.8572916666666667 0.6427083333333333 0.8854166666666666 0.5802083333333333
0 0.8604166666666667 0.7125 0.878125 0.7135416666666666 0.8979166666666667 0.721875 0.928125 0.74375 0.9385416666666667 0.7541666666666667 0.940625 0.7625 0.9239583333333333 0.8239583333333333 0.9125 0.84375 0.8822916666666667 0.875 0.8645833333333334 0.8833333333333333 0.8458333333333333 0.884375 0.8354166666666667 0.878125 0.8385416666666666 0.8572916666666667 0.8364583333333333 0.821875 0.83125 0.8052083333333333 0.8177083333333334 0.784375 0.8145833333333333 0.7677083333333333 0.8177083333333334 0.7489583333333333 0.8270833333333333 0.7302083333333333 0.8427083333333333 0.7177083333333333
0 0.6833333333333333 0.546875 0.7083333333333334 0.5479166666666667 0.7333333333333333 0.5614583333333333 0.778125 0.5979166666666667 0.8041666666666667 0.6291666666666667 0.8166666666666667 0.6583333333333333 0.8177083333333334 0.6833333333333333 0.8083333333333333 0.7125 0.7885416666666667 0.7322916666666667 0.7625 0.7395833333333334 0.7447916666666666 0.7395833333333334 0.7010416666666667 0.7291666666666666 0.6739583333333333 0.728125 0.6458333333333334 0.709375 0.6364583333333333 0.6979166666666666 0.6177083333333333 0.6333333333333333 0.6229166666666667 0.6020833333333333 0.628125 0.590625 0.65625 0.5604166666666667 0.66875 0.5510416666666667
0 0.7822916666666667 0.4479166666666667 0.8104166666666667 0.44895833333333335 0.8291666666666667 0.45729166666666665 0.8541666666666666 0.4895833333333333 0.88125 0.5375 0.8875 0.559375 0.8875 0.5833333333333334 0.8739583333333333 0.6072916666666667 0.8510416666666667 0.625 0.8322916666666667 0.628125 0.8104166666666667 0.6229166666666667 0.740625 0.5677083333333334 0.7229166666666667 0.5583333333333333 0.7145833333333333 0.5479166666666667 0.715625 0.5104166666666666 0.7260416666666667 0.48125 0.75 0.46041666666666664
0 0.9104166666666667 0.43020833333333336 0.9364583333333333 0.43333333333333335 0.959375 0.4427083333333333 0.9833333333333333 0.45625 0.9958333333333333 0.471875 1 0.49270833333333336 1 0.565625 0.971875 0.5833333333333334 0.9625 0.5864583333333333 0.9166666666666666 0.5833333333333334 0.8885416666666667 0.5729166666666666 0.8697916666666666 0.521875 0.846875 0.4822916666666667 0.8489583333333334 0.47291666666666665 0.8614583333333333 0.459375 0.871875 0.4395833333333333
0 0.721875 0.25 0.746875 0.25104166666666666 0.7708333333333334 0.25833333333333336 0.8333333333333334 0.29375 0.8385416666666666 0.30416666666666664 0.8479166666666667 0.3875 0.834375 0.4166666666666667 0.8135416666666667 0.421875 0.7979166666666667 0.421875 0.7864583333333334 0.415625 0.7739583333333333 0.42291666666666666 0.7666666666666667 0.4197916666666667 0.7645833333333333 0.365625 0.7572916666666667 0.33125 0.74375 0.3020833333333333 0.7197916666666667 0.26666666666666666
0 0.95625 0.34375 0.9875 0.3489583333333333 1 0.35833333333333334 1 0.46875 0.9729166666666667 0.446875 0.9166666666666666 0.43020833333333336 0.9052083333333333 0.41770833333333335 0.9041666666666667 0.38958333333333334 0.925 0.35520833333333335 0.9364583333333333 0.346875