0 0.9574074074074074 0.7902777777777777 1 0.7916666666666666 1 0.9791666666666666 0.9944444444444445 0.9805555555555555 0.9444444444444444 0.9791666666666666 0.9037037037037037 0.9666666666666667 0.8703703703703703 0.9402777777777778 0.8518518518518519 0.9 0.8555555555555555 0.8583333333333333 0.8796296296296297 0.8222222222222222 0.9111111111111111 0.8027777777777778
0 0.42777777777777776 0.8722222222222222 0.5592592592592592 0.8916666666666667 0.5814814814814815 0.9027777777777778 0.6037037037037037 0.9472222222222222 0.6018518518518519 0.9736111111111111 0.587037037037037 1 0.45740740740740743 1 0.42592592592592593 0.9791666666666666 0.40185185185185185 0.9444444444444444 0.39814814814814814 0.9 0.40925925925925927 0.8833333333333333
0 0.5018518518518519 0.7402777777777778 0.5370370370370371 0.7416666666666667 0.5722222222222222 0.7541666666666667 0.6129629629629629 0.7916666666666666 0.6185185185185185 0.8069444444444445 0.6148148148148148 0.8583333333333333 0.6037037037037037 0.8777777777777778 0.5851851851851851 0.8916666666666667 0.5388888888888889 0.8930555555555556 0.45925925925925926 0.8777777777777778 0.42777777777777776 0.8652777777777778 0.40185185185185185 0.8347222222222223 0.39814814814814814 0.7972222222222223 0.40925925925925927 0.7819444444444444 0.45555555555555555 0.7541666666666667
0 0.7 0.8027777777777778 0.7314814814814815 0.8055555555555556 0.75 0.8222222222222222 0.762962962962963 0.8555555555555555 0.7574074074074074 0.9013888888888889 0.7388888888888889 0.9277777777777778 0.7185185185185186 0.9402777777777778 0.6555555555555556 0.9513888888888888 0.6 0.9291666666666667 0.5851851851851851 0.8944444444444445 0.6092592592592593 0.8611111111111112 0.6222222222222222 0.8194444444444444 0.6351851851851852 0.8125
0 0.34074074074074073 0.8319444444444445 0.3648148148148148 0.8430555555555556 0.3888888888888889 0.8708333333333333 0.39444444444444443 0.9138888888888889 0.3851851851851852 0.9472222222222222 0.36666666666666664 0.9652777777777778 0.3333333333333333 0.975 0.2777777777777778 0.9736111111111111 0.25555555555555554 0.9680555555555556 0.23148148148148148 0.9555555555555556 0.20925925925925926 0.9277777777777778 0.20555555555555555 0.8819444444444444 0.21666666666666667 0.875 0.29259259259259257 0.8625
0 0.2722222222222222 0.7319444444444444 0.31666666666666665 0.7347222222222223 0.34814814814814815 0.7486111111111111 0.362962962962963 0.7708333333333334 0.3611111111111111 0.8152777777777778 0.3296296296296296 0.8486111111111111 0.3037037037037037 0.8652777777777778 0.25 0.8763888888888889 0.18888888888888888 0.875 0.1574074074074074 0.8569444444444444 0.1537037037037037 0.8319444444444445 0.15925925925925927 0.8097222222222222 0.18333333333333332 0.7763888888888889 0.20925925925925926 0.7541666666666667 0.23333333333333334 0.7416666666666667
0 0.13703703703703704 0.8388888888888889 0.14629629629629629 0.8402777777777778 0.17037037037037037 0.8625 0.20555555555555555 0.8763888888888889 0.21296296296296297 0.8861111111111111 0.2111111111111111 0.9444444444444444 0.19074074074074074 0.9652777777777778 0.17222222222222222 0.9708333333333333 0.08518518518518518 0.9666666666666667 0.044444444444444446 0.9430555555555555 0.03333333333333333 0.9194444444444444 0.03148148148148148 0.8986111111111111 0.04259259259259259 0.8569444444444444 0.11666666666666667 0.8513888888888889
0 0.10925925925925926 0.7055555555555556 0.13703703703703704 0.7097222222222223 0.1574074074074074 0.7305555555555555 0.1685185185185185 0.7569444444444444 0.17037037037037037 0.7875 0.14629629629629629 0.8347222222222223 0.12962962962962962 0.8513888888888889 0.06111111111111111 0.8583333333333333 0.037037037037037035 0.85 0.018518518518518517 0.8333333333333334 0.011111111111111112 0.8138888888888889 0.014814814814814815 0.7847222222222222 0.03148148148148148 0.7527777777777778 0.05740740740740741 0.7277777777777777
0 0.044444444444444446 0.65 0.12777777777777777 0.6513888888888889 0.13333333333333333 0.7041666666666667 0.10185185185185185 0.7083333333333334 0.06481481481481481 0.725 0.04259259259259259 0.7430555555555556 0.014814814814814815 0.7805555555555556 0 0.7888888888888889 0 0.6666666666666666
0 0.2074074074074074 0.6138888888888889 0.22037037037037038 0.6138888888888889 0.26296296296296295 0.6319444444444444 0.2796296296296296 0.6513888888888889 0.2722222222222222 0.6708333333333333 0.27037037037037037 0.7236111111111111 0.22037037037037038 0.7486111111111111 0.19814814814814816 0.7472222222222222 0.17037037037037037 0.7333333333333333 0.13703703703703704 0.7013888888888888 0.13148148148148148 0.6791666666666667 0.1425925925925926 0.6402777777777777 0.1648148148148148 0.625
0 0.37592592592592594 0.6125 0.40555555555555556 0.6138888888888889 0.5 0.6444444444444445 0.5111111111111111 0.6666666666666666 0.5092592592592593 0.6888888888888889 0.4962962962962963 0.7097222222222223 0.4703703703703704 0.7263888888888889 0.4222222222222222 0.7375 0.37222222222222223 0.7375 0.3148148148148148 0.725 0.2814814814814815 0.7 0.2740740740740741 0.6791666666666667 0.2851851851851852 0.6541666666666667 0.32407407407407407 0.6291666666666667
0 0.8296296296296296 0.6125 0.8444444444444444 0.6125 0.8685185185185185 0.625 0.8703703703703703 0.6402777777777777 0.8851851851851852 0.6486111111111111 0.9 0.6722222222222223 0.9 0.7222222222222222 0.9185185185185185 0.7583333333333333 0.9055555555555556 0.7694444444444445 0.8629629629629629 0.7680555555555556 0.8018518518518518 0.7472222222222222 0.7592592592592593 0.7041666666666667 0.7574074074074074 0.675 0.774074074074074 0.6652777777777777 0.7870370370370371 0.6291666666666667 0.8 0.6194444444444445
0 0.3 0.49027777777777776 0.32222222222222224 0.49444444444444446 0.35 0.525 0.3685185185185185 0.5819444444444445 0.34444444444444444 0.6222222222222222 0.3148148148148148 0.6347222222222222 0.2833333333333333 0.6375 0.24444444444444444 0.6305555555555555 0.2111111111111111 0.6111111111111112 0.19814814814814816 0.5861111111111111 0.19814814814814816 0.5611111111111111 0.20925925925925926 0.5361111111111111 0.23148148148148148 0.5138888888888888 0.26296296296296295 0.4986111111111111
0 0.13703703703703704 0.5097222222222222 0.17777777777777778 0.5152777777777777 0.20185185185185187 0.5291666666666667 0.2074074074074074 0.5416666666666666 0.2037037037037037 0.6027777777777777 0.12962962962962962 0.6513888888888889 0.04814814814814815 0.6486111111111111 0.012962962962962963 0.6222222222222222 0.007407407407407408 0.6111111111111112 0.020370370370370372 0.5666666666666667 0.04259259259259259 0.5416666666666666 0.06851851851851852 0.525 0.1037037037037037 0.5125
0 0.4648148148148148 0.4888888888888889 0.5018518518518519 0.49583333333333335 0.5259259259259259 0.5097222222222222 0.5518518518518518 0.5277777777777778 0.5611111111111111 0.55 0.562962962962963 0.5819444444444445 0.5537037037037037 0.5986111111111111 0.5185185185185185 0.625 0.4925925925925926 0.6361111111111111 0.42777777777777776 0.6263888888888889 0.4 0.6125 0.37222222222222223 0.5638888888888889 0.37592592592592594 0.5444444444444444 0.3888888888888889 0.5291666666666667 0.42777777777777776 0.5125 0.44814814814814813 0.4930555555555556
0 0.7833333333333333 0.4736111111111111 0.8537037037037037 0.4888888888888889 0.8925925925925926 0.5208333333333334 0.8925925925925926 0.5888888888888889 0.8740740740740741 0.6180555555555556 0.7814814814814814 0.6138888888888889 0.7611111111111111 0.5680555555555555 0.7296296296296296 0.5444444444444444 0.737037037037037 0.5222222222222223 0.7518518518518519 0.5069444444444444 0.7518518518518519 0.4930555555555556
0 0.9962962962962963 0.5041666666666667 1 0.5916666666666667 0.9851851851851852 0.5958333333333333 0.9555555555555556 0.6194444444444445 0.924074074074074 0.6055555555555555 0.9092592592592592 0.5875 0.9074074074074074 0.5430555555555555 0.9407407407407408 0.5138888888888888
0 0.7851851851851852 0.475 0.8537037037037037 0.4888888888888889 0.8925925925925926 0.5208333333333334 0.8925925925925926 0.5875 0.8740740740740741 0.6166666666666667 0.7851851851851852 0.6125 0.7611111111111111 0.5652777777777778 0.7314814814814815 0.5444444444444444 0.7574074074074074 0.49444444444444446
0 0.9037037037037037 0.4125 0.9388888888888889 0.4152777777777778 0.9648148148148148 0.425 0.9814814814814815 0.4388888888888889 1 0.4736111111111111 1 0.5041666666666667 0.9314814814814815 0.5222222222222223 0.8981481481481481 0.5236111111111111 0.8481481481481481 0.4847222222222222 0.8351851851851851 0.48194444444444445 0.8351851851851851 0.4777777777777778 0.8722222222222222 0.46944444444444444 0.8833333333333333 0.45416666666666666 0.8907407407407407 0.42083333333333334
0 0.837037037037037 0.3625 0.8537037037037037 0.3638888888888889 0.8851851851851852 0.3861111111111111 0.8962962962962963 0.4083333333333333 0.8925925925925926 0.45694444444444443 0.8722222222222222 0.475 0.85 0.4847222222222222 0.8055555555555556 0.46805555555555556 0.7555555555555555 0.41388888888888886 0.7648148148148148 0.39444444444444443 0.7888888888888889 0.37222222222222223
0 0.5592592592592592 0.38055555555555554 0.587037037037037 0.38333333333333336 0.6129629629629629 0.3958333333333333 0.6425925925925926 0.4263888888888889 0.6462962962962963 0.45416666666666666 0.6407407407407407 0.46805555555555556 0.6092592592592593 0.4986111111111111 0.5833333333333334 0.5 0.5703703703703704 0.49027777777777776 0.55 0.49027777777777776 0.5314814814814814 0.49722222222222223 0.4981481481481482 0.48333333333333334 0.4740740740740741 0.45694444444444443 0.4703703703703704 0.425 0.48148148148148145 0.4041666666666667 0.5055555555555555 0.3875
0 0.34074074074074073 0.4013888888888889 0.4222222222222222 0.4097222222222222 0.4537037037037037 0.42083333333333334 0.4722222222222222 0.4527777777777778 0.4703703703703704 0.4791666666666667 0.4462962962962963 0.49166666666666664 0.3888888888888889 0.4847222222222222 0.37407407407407406 0.4777777777777778 0.3537037037037037 0.4777777777777778 0.3333333333333333 0.4930555555555556 0.3148148148148148 0.4888888888888889 0.2962962962962963 0.46111111111111114 0.2962962962962963 0.4305555555555556 0.3148148148148148 0.4111111111111111