0 0.2638888888888889 0.4476987447698745 0.28194444444444444 0.448744769874477 0.3125 0.4602510460251046 0.3486111111111111 0.4780334728033473 0.3625 0.4895397489539749 0.3819444444444444 0.5177824267782427 0.3819444444444444 0.5334728033472803 0.36666666666666664 0.553347280334728 0.3125 0.5648535564853556 0.25277777777777777 0.5679916317991632 0.22361111111111112 0.5606694560669456 0.18888888888888888 0.5366108786610879 0.18333333333333332 0.502092050209205 0.19166666666666668 0.4801255230125523 0.21805555555555556 0.4592050209205021
0 0.35138888888888886 0.5543933054393305 0.36944444444444446 0.5543933054393305 0.3972222222222222 0.5617154811715481 0.4222222222222222 0.5826359832635983 0.43472222222222223 0.6140167364016736 0.42916666666666664 0.647489539748954 0.40555555555555556 0.6673640167364017 0.39444444444444443 0.6705020920502092 0.35138888888888886 0.6746861924686193 0.33055555555555555 0.6809623430962343 0.28055555555555556 0.6736401673640168 0.25833333333333336 0.6537656903765691 0.2652777777777778 0.6213389121338913 0.30277777777777776 0.5742677824267782 0.3138888888888889 0.5658995815899581
0 0.37083333333333335 0.6767782426778243 0.39305555555555555 0.6767782426778243 0.4222222222222222 0.6830543933054394 0.4486111111111111 0.696652719665272 0.4666666666666667 0.7228033472803347 0.4597222222222222 0.7635983263598326 0.45 0.7803347280334728 0.43472222222222223 0.7876569037656904 0.35694444444444445 0.7949790794979079 0.31527777777777777 0.7928870292887029 0.2902777777777778 0.7803347280334728 0.275 0.7573221757322176 0.27361111111111114 0.7384937238493724 0.28055555555555556 0.7165271966527197 0.2861111111111111 0.7081589958158996 0.3138888888888889 0.6903765690376569
0 0.8444444444444444 0.5878661087866108 0.8638888888888889 0.5910041841004184 0.9083333333333333 0.6192468619246861 0.9236111111111112 0.6443514644351465 0.9236111111111112 0.6621338912133892 0.9138888888888889 0.6746861924686193 0.8694444444444445 0.6976987447698745 0.8097222222222222 0.7123430962343096 0.7847222222222222 0.7123430962343096 0.7472222222222222 0.696652719665272 0.7472222222222222 0.6809623430962343 0.7333333333333333 0.6684100418410042 0.7222222222222222 0.6370292887029289 0.7444444444444445 0.6422594142259415 0.7597222222222222 0.6391213389121339 0.8319444444444445 0.5910041841004184
0 0.7347222222222223 0.5073221757322176 0.7611111111111111 0.5094142259414226 0.8 0.5271966527196653 0.8166666666666667 0.5428870292887029 0.8291666666666667 0.5700836820083682 0.825 0.5972803347280334 0.7861111111111111 0.6255230125523012 0.7638888888888888 0.6328451882845189 0.7375 0.6328451882845189 0.7041666666666667 0.6244769874476988 0.6888888888888889 0.6119246861924686 0.6805555555555556 0.5972803347280334 0.7027777777777777 0.5167364016736402 0.7083333333333334 0.5104602510460251
0 0.6180555555555556 0.46234309623430964 0.6472222222222223 0.46338912133891214 0.6722222222222223 0.4707112970711297 0.6972222222222222 0.4916317991631799 0.7013888888888888 0.5083682008368201 0.6972222222222222 0.5460251046025104 0.6833333333333333 0.5700836820083682 0.6375 0.5857740585774058 0.6083333333333333 0.5847280334728033 0.5791666666666667 0.5721757322175732 0.5638888888888889 0.5585774058577406 0.5555555555555556 0.5345188284518828 0.5638888888888889 0.4905857740585774 0.5888888888888889 0.4686192468619247
0 0.49583333333333335 0.5575313807531381 0.5569444444444445 0.5617154811715481 0.5902777777777778 0.5784518828451883 0.6069444444444444 0.5941422594142259 0.6111111111111112 0.606694560669456 0.6069444444444444 0.6328451882845189 0.5986111111111111 0.6443514644351465 0.5805555555555556 0.6558577405857741 0.5583333333333333 0.6631799163179917 0.49722222222222223 0.6684100418410042 0.4652777777777778 0.6600418410041841 0.44722222222222224 0.6464435146443515 0.43472222222222223 0.604602510460251 0.4361111111111111 0.5836820083682008 0.4638888888888889 0.5627615062761506
0 0.6180555555555556 0.6108786610878661 0.6888888888888889 0.6255230125523012 0.7152777777777778 0.6391213389121339 0.725 0.6589958158995816 0.725 0.6757322175732218 0.7097222222222223 0.694560669456067 0.6625 0.7092050209205021 0.6375 0.7102510460251046 0.6055555555555555 0.7050209205020921 0.5833333333333334 0.7050209205020921 0.5680555555555555 0.6736401673640168 0.5694444444444444 0.6652719665271967 0.5944444444444444 0.6443514644351465
0 0.48055555555555557 0.6725941422594143 0.5263888888888889 0.6788702928870293 0.5625 0.6976987447698745 0.5763888888888888 0.7165271966527197 0.5791666666666667 0.7290794979079498 0.5763888888888888 0.7437238493723849 0.5694444444444444 0.75 0.5444444444444444 0.7552301255230126 0.5055555555555555 0.75418410041841 0.48194444444444445 0.7604602510460251 0.4666666666666667 0.7583682008368201 0.4583333333333333 0.7217573221757322 0.44166666666666665 0.6914225941422594 0.4527777777777778 0.6809623430962343
0 0.3638888888888889 0.3682008368200837 0.4041666666666667 0.3723849372384937 0.45555555555555555 0.401673640167364 0.48055555555555557 0.44037656903765693 0.4791666666666667 0.4476987447698745 0.46805555555555556 0.4571129707112971 0.4166666666666667 0.4769874476987448 0.36527777777777776 0.48221757322175735 0.3388888888888889 0.47594142259414224 0.2916666666666667 0.45188284518828453 0.2791666666666667 0.4320083682008368 0.28055555555555556 0.4194560669456067 0.2916666666666667 0.40376569037656906 0.32916666666666666 0.3786610878661088
0 0.49166666666666664 0.4435146443514644 0.5055555555555555 0.4435146443514644 0.5236111111111111 0.45292887029288703 0.5486111111111112 0.4801255230125523 0.5555555555555556 0.49476987447698745 0.5541666666666667 0.5188284518828452 0.5472222222222223 0.5303347280334728 0.5263888888888889 0.5428870292887029 0.5097222222222222 0.547071129707113 0.4388888888888889 0.5355648535564853 0.41388888888888886 0.5083682008368201 0.4166666666666667 0.4811715481171548
0 0.6152777777777778 0.40481171548117156 0.6472222222222223 0.40794979079497906 0.6763888888888889 0.4246861924686193 0.6875 0.44142259414225943 0.6847222222222222 0.4707112970711297 0.6777777777777778 0.47384937238493724 0.6541666666666667 0.4696652719665272 0.6083333333333333 0.47175732217573224 0.5569444444444445 0.4884937238493724 0.5361111111111111 0.4675732217573222 0.5347222222222222 0.45292887029288703 0.5888888888888889 0.41422594142259417
0 0.6416666666666667 0.34623430962343094 0.6708333333333333 0.34623430962343094 0.6972222222222222 0.35355648535564854 0.7138888888888889 0.36610878661087864 0.7486111111111111 0.40690376569037656 0.6916666666666667 0.4121338912133891 0.6875 0.4372384937238494 0.6819444444444445 0.4372384937238494 0.6569444444444444 0.41422594142259417 0.6319444444444444 0.4089958158995816 0.6027777777777777 0.4089958158995816 0.5930555555555556 0.39330543933054396 0.5958333333333333 0.37552301255230125 0.6152777777777778 0.35564853556485354
0 0.7930555555555555 0.4476987447698745 0.8416666666666667 0.448744769874477 0.85 0.45292887029288703 0.8555555555555555 0.46338912133891214 0.8708333333333333 0.5324267782426778 0.8361111111111111 0.5543933054393305 0.8222222222222222 0.5502092050209205 0.7958333333333333 0.5240585774058577 0.7847222222222222 0.4989539748953975 0.7680555555555556 0.4780334728033473 0.7722222222222223 0.46129707112970714
0 0.46944444444444444 0.2615062761506276 0.5166666666666667 0.26778242677824265 0.5444444444444444 0.29707112970711297 0.5472222222222223 0.3284518828451883 0.5319444444444444 0.35251046025104604 0.5208333333333334 0.3587866108786611 0.42916666666666664 0.34309623430962344 0.4097222222222222 0.3305439330543933 0.4152777777777778 0.301255230125523 0.42777777777777776 0.27615062761506276 0.4444444444444444 0.26464435146443516
0 0.2611111111111111 0.27615062761506276 0.28888888888888886 0.27615062761506276 0.30833333333333335 0.2834728033472803 0.32916666666666666 0.3002092050209205 0.35138888888888886 0.33368200836820083 0.3541666666666667 0.36506276150627615 0.29305555555555557 0.39748953974895396 0.2722222222222222 0.39330543933054396 0.23472222222222222 0.36401673640167365 0.225 0.3472803347280335 0.2222222222222222 0.30962343096234307 0.2263888888888889 0.29916317991631797 0.23194444444444445 0.2918410041841004
0 0.1597222222222222 0.40376569037656906 0.18888888888888888 0.40376569037656906 0.21944444444444444 0.4110878661087866 0.25416666666666665 0.4341004184100418 0.27361111111111114 0.44142259414225943 0.26805555555555555 0.448744769874477 0.21388888888888888 0.46548117154811713 0.19444444444444445 0.4801255230125523 0.17777777777777778 0.5031380753138075 0.15416666666666667 0.502092050209205 0.125 0.4905857740585774 0.10555555555555556 0.47594142259414224 0.1 0.46129707112970714 0.1 0.44142259414225943 0.1111111111111111 0.4194560669456067 0.13194444444444445 0.40794979079497906