0 0.5807692307692308 0.7567307692307692 0.5948717948717949 0.7567307692307692 0.617948717948718 0.7634615384615384 0.691025641025641 0.8096153846153846 0.6987179487179487 0.8096153846153846 0.7051282051282052 0.7971153846153847 0.7166666666666667 0.801923076923077 0.708974358974359 0.8201923076923077 0.708974358974359 0.8596153846153847 0.6974358974358974 0.8865384615384615 0.6807692307692308 0.9057692307692308 0.658974358974359 0.9144230769230769 0.6358974358974359 0.9182692307692307 0.6025641025641025 0.9144230769230769 0.5512820512820513 0.8971153846153846 0.47435897435897434 0.8625 0.47692307692307695 0.8576923076923076 0.5205128205128206 0.8413461538461539 0.5371794871794872 0.8298076923076924 0.5525641025641026 0.8048076923076923 0.5525641025641026 0.7663461538461539
0 0.45 0.7173076923076923 0.48846153846153845 0.7230769230769231 0.5243589743589744 0.7336538461538461 0.5487179487179488 0.7586538461538461 0.5564102564102564 0.7826923076923077 0.5564102564102564 0.8057692307692308 0.5448717948717948 0.825 0.5192307692307693 0.8432692307692308 0.47435897435897434 0.8596153846153847 0.4282051282051282 0.8471153846153846 0.34487179487179487 0.8163461538461538 0.34102564102564104 0.7971153846153847 0.34487179487179487 0.7826923076923077 0.3230769230769231 0.7740384615384616 0.3717948717948718 0.7625 0.4282051282051282 0.7240384615384615
0 0.31025641025641026 0.6221153846153846 0.35128205128205126 0.6230769230769231 0.38461538461538464 0.6365384615384615 0.41025641025641024 0.6586538461538461 0.4217948717948718 0.6817307692307693 0.4217948717948718 0.7115384615384616 0.4012820512820513 0.7471153846153846 0.3730769230769231 0.7644230769230769 0.3333333333333333 0.7740384615384616 0.3038461538461538 0.7701923076923077 0.2717948717948718 0.7528846153846154 0.2512820512820513 0.7355769230769231 0.23846153846153847 0.7086538461538462 0.23846153846153847 0.6730769230769231 0.25 0.6509615384615385 0.27307692307692305 0.6326923076923077
0 0.48717948717948717 0.5778846153846153 0.5192307692307693 0.5788461538461539 0.532051282051282 0.5846153846153846 0.5820512820512821 0.6288461538461538 0.6128205128205129 0.6634615384615384 0.617948717948718 0.6788461538461539 0.6128205128205129 0.7336538461538461 0.5935897435897436 0.7490384615384615 0.5653846153846154 0.75 0.4897435897435897 0.7288461538461538 0.4551282051282051 0.7125 0.4371794871794872 0.6942307692307692 0.42948717948717946 0.676923076923077 0.4269230769230769 0.6538461538461539 0.4358974358974359 0.6153846153846154 0.44358974358974357 0.6028846153846154 0.4653846153846154 0.5855769230769231
0 0.841025641025641 0.4346153846153846 0.8474358974358974 0.4346153846153846 0.8551282051282051 0.4423076923076923 0.882051282051282 0.5048076923076923 0.8782051282051282 0.5461538461538461 0.8641025641025641 0.5673076923076923 0.8397435897435898 0.5826923076923077 0.8141025641025641 0.5894230769230769 0.7730769230769231 0.5903846153846154 0.7576923076923077 0.573076923076923 0.7448717948717949 0.5423076923076923 0.7192307692307692 0.5028846153846154 0.7512820512820513 0.47596153846153844 0.808974358974359 0.45865384615384613 0.8320512820512821 0.4375
0 0.7923076923076923 0.31634615384615383 0.8128205128205128 0.3173076923076923 0.8448717948717949 0.32596153846153847 0.8692307692307693 0.3403846153846154 0.8961538461538462 0.3682692307692308 0.9038461538461539 0.38846153846153847 0.9025641025641026 0.4048076923076923 0.8871794871794871 0.4230769230769231 0.8743589743589744 0.4288461538461538 0.882051282051282 0.4442307692307692 0.8641025641025641 0.45865384615384613 0.8435897435897436 0.4307692307692308 0.8435897435897436 0.40576923076923077 0.8179487179487179 0.3778846153846154 0.7961538461538461 0.36346153846153845 0.7487179487179487 0.3576923076923077 0.7384615384615385 0.3451923076923077 0.7397435897435898 0.3384615384615385 0.7551282051282051 0.3278846153846154
0 0.5666666666666667 0.32019230769230766 0.6461538461538462 0.3278846153846154 0.6807692307692308 0.33653846153846156 0.732051282051282 0.34134615384615385 0.6692307692307692 0.3923076923076923 0.65 0.4326923076923077 0.6448717948717949 0.4326923076923077 0.591025641025641 0.3798076923076923 0.5769230769230769 0.3423076923076923 0.5615384615384615 0.3298076923076923 0.5615384615384615 0.32211538461538464
0 0.0782051282051282 0.4740384615384615 0.11923076923076924 0.475 0.17564102564102563 0.4855769230769231 0.20256410256410257 0.4932692307692308 0.2 0.5048076923076923 0.1564102564102564 0.5490384615384616 0.12179487179487179 0.573076923076923 0.05512820512820513 0.6096153846153847 0.02564102564102564 0.6125 0.015384615384615385 0.6057692307692307 0 0.6048076923076923 0 0.5096153846153846 0.03333333333333333 0.48653846153846153 0.05512820512820513 0.4778846153846154
0 0.22564102564102564 0.34807692307692306 0.29102564102564105 0.35865384615384616 0.2987179487179487 0.36730769230769234 0.2987179487179487 0.38461538461538464 0.28717948717948716 0.41057692307692306 0.2602564102564103 0.44711538461538464 0.23461538461538461 0.475 0.2141025641025641 0.48365384615384616 0.20384615384615384 0.4778846153846154 0.17435897435897435 0.47596153846153844 0.14358974358974358 0.45865384615384613 0.13205128205128205 0.4461538461538462 0.12307692307692308 0.41346153846153844 0.1358974358974359 0.38269230769230766 0.16025641025641027 0.3644230769230769 0.2 0.35096153846153844
0 0.10256410256410256 0.28173076923076923 0.1423076923076923 0.28173076923076923 0.16538461538461538 0.2875 0.18333333333333332 0.29903846153846153 0.2 0.325 0.2 0.3423076923076923 0.19230769230769232 0.3528846153846154 0.16538461538461538 0.36346153846153845 0.13974358974358975 0.3798076923076923 0.11538461538461539 0.4115384615384615 0.05 0.4009615384615385 0.035897435897435895 0.39326923076923076 0.02564102564102564 0.3778846153846154 0.03205128205128205 0.34326923076923077 0.029487179487179487 0.31153846153846154 0.04358974358974359 0.3 0.07051282051282051 0.28846153846153844
0 0.22692307692307692 0.21826923076923077 0.25384615384615383 0.22115384615384615 0.27564102564102566 0.2326923076923077 0.29615384615384616 0.25096153846153846 0.3076923076923077 0.27115384615384613 0.31153846153846154 0.30865384615384617 0.30512820512820515 0.3548076923076923 0.2923076923076923 0.36923076923076925 0.28205128205128205 0.36153846153846153 0.26666666666666666 0.3605769230769231 0.24615384615384617 0.3528846153846154 0.2012820512820513 0.3490384615384615 0.19615384615384615 0.34423076923076923 0.1935897435897436 0.3173076923076923 0.16794871794871793 0.2951923076923077 0.15897435897435896 0.28076923076923077 0.18461538461538463 0.22788461538461538 0.2012820512820513 0.22115384615384615
0 0.08717948717948718 0.1605769230769231 0.1371794871794872 0.1625 0.1794871794871795 0.17596153846153847 0.19743589743589743 0.18846153846153846 0.21666666666666667 0.21634615384615385 0.21025641025641026 0.22596153846153846 0.191025641025641 0.23846153846153847 0.17435897435897435 0.2653846153846154 0.17307692307692307 0.28076923076923077 0.16666666666666666 0.2865384615384615 0.08076923076923077 0.28846153846153844 0.026923076923076925 0.30865384615384617 0 0.2903846153846154 0 0.18653846153846154