0 0.39861111111111114 0.20208333333333334 0.4097222222222222 0.203125 0.4263888888888889 0.21875 0.46944444444444444 0.23229166666666667 0.4791666666666667 0.240625 0.525 0.26145833333333335 0.5513888888888889 0.28020833333333334 0.5875 0.32395833333333335 0.6 0.36666666666666664 0.5763888888888888 0.44166666666666665 0.5541666666666667 0.4666666666666667 0.49444444444444446 0.509375 0.4111111111111111 0.5416666666666666 0.35 0.5729166666666666 0.2972222222222222 0.5854166666666667 0.275 0.5854166666666667 0.20416666666666666 0.5739583333333333 0.11944444444444445 0.5229166666666667 0.09722222222222222 0.5010416666666667 0.08194444444444444 0.47604166666666664 0.06527777777777778 0.43125 0.06388888888888888 0.39479166666666665 0.07083333333333333 0.35208333333333336 0.08472222222222223 0.32083333333333336 0.12222222222222222 0.275 0.18055555555555555 0.23229166666666667 0.24861111111111112 0.21145833333333333 0.36944444444444446 0.20833333333333334
0 0.36666666666666664 0.7645833333333333 0.40694444444444444 0.765625 0.49166666666666664 0.7927083333333333 0.5069444444444444 0.8072916666666666 0.5402777777777777 0.8604166666666667 0.5361111111111111 0.8854166666666666 0.5111111111111111 0.9135416666666667 0.4847222222222222 0.93125 0.4444444444444444 0.9458333333333333 0.4041666666666667 0.95 0.3541666666666667 0.9375 0.3111111111111111 0.909375 0.29583333333333334 0.8875 0.2847222222222222 0.8447916666666667 0.2986111111111111 0.7989583333333333 0.3194444444444444 0.7791666666666667
0 0.6555555555555556 0.740625 0.6847222222222222 0.7427083333333333 0.7097222222222223 0.7510416666666667 0.7388888888888889 0.7708333333333334 0.7458333333333333 0.784375 0.7458333333333333 0.8052083333333333 0.7347222222222223 0.83125 0.6861111111111111 0.8635416666666667 0.6458333333333334 0.8760416666666667 0.6111111111111112 0.8770833333333333 0.5555555555555556 0.8635416666666667 0.5305555555555556 0.8447916666666667 0.5138888888888888 0.821875 0.5125 0.79375 0.5277777777777778 0.76875 0.5458333333333333 0.7572916666666667 0.5680555555555555 0.7510416666666667
0 0.5652777777777778 0.6114583333333333 0.6263888888888889 0.6177083333333333 0.6666666666666666 0.6333333333333333 0.6847222222222222 0.66875 0.6861111111111111 0.6854166666666667 0.6791666666666667 0.7083333333333334 0.6569444444444444 0.7302083333333333 0.6319444444444444 0.7385416666666667 0.5375 0.7447916666666666 0.4888888888888889 0.7375 0.4666666666666667 0.71875 0.4625 0.6979166666666666 0.4652777777777778 0.6708333333333333 0.475 0.65625 0.5125 0.6260416666666667 0.5333333333333333 0.615625
0 0.7277777777777777 0.6447916666666667 0.8263888888888888 0.653125 0.8638888888888889 0.6677083333333333 0.8847222222222222 0.6833333333333333 0.8833333333333333 0.7135416666666666 0.8708333333333333 0.7354166666666667 0.8513888888888889 0.7520833333333333 0.8097222222222222 0.7645833333333333 0.7305555555555555 0.753125 0.7180555555555556 0.7375 0.6986111111111111 0.675 0.7111111111111111 0.65
0 0.9083333333333333 0.696875 0.95 0.7010416666666667 0.975 0.7145833333333333 1 0.7375 1 0.875 0.9597222222222223 0.8739583333333333 0.9069444444444444 0.8583333333333333 0.8708333333333333 0.834375 0.8569444444444444 0.815625 0.8527777777777777 0.803125 0.8555555555555555 0.7708333333333334 0.8930555555555556 0.70625
0 0.7777777777777778 0.7666666666666667 0.7986111111111112 0.7666666666666667 0.8152777777777778 0.771875 0.8194444444444444 0.7927083333333333 0.8402777777777778 0.81875 0.8569444444444444 0.8572916666666667 0.8541666666666666 0.8770833333333333 0.8361111111111111 0.890625 0.8125 0.8979166666666667 0.7694444444444445 0.89375 0.7625 0.8635416666666667 0.7444444444444445 0.834375 0.7527777777777778 0.7770833333333333
0 0.7305555555555555 0.8354166666666667 0.7513888888888889 0.8416666666666667 0.7611111111111111 0.8604166666666667 0.7625 0.88125 0.7541666666666667 0.9125 0.7333333333333333 0.9302083333333333 0.7125 0.9385416666666667 0.6694444444444444 0.9395833333333333 0.6541666666666667 0.9354166666666667 0.6388888888888888 0.9260416666666667 0.6277777777777778 0.9114583333333334 0.6236111111111111 0.8989583333333333 0.6263888888888889 0.884375 0.6833333333333333 0.8635416666666667
0 0.8722222222222222 0.528125 0.8972222222222223 0.5291666666666667 0.9305555555555556 0.5385416666666667 0.9666666666666667 0.559375 0.9847222222222223 0.5864583333333333 0.9902777777777778 0.609375 0.9805555555555555 0.634375 0.9652777777777778 0.65 0.9333333333333333 0.65625 0.8958333333333334 0.6552083333333333 0.8638888888888889 0.6291666666666667 0.8472222222222222 0.621875 0.8472222222222222 0.5697916666666667 0.8416666666666667 0.54375 0.85 0.5354166666666667
0 0.7486111111111111 0.5114583333333333 0.8 0.51875 0.8305555555555556 0.5385416666666667 0.8375 0.5479166666666667 0.8458333333333333 0.571875 0.8472222222222222 0.6104166666666667 0.8347222222222223 0.628125 0.8097222222222222 0.6375 0.7722222222222223 0.6416666666666667 0.7291666666666666 0.6385416666666667 0.7055555555555556 0.628125 0.6736111111111112 0.596875 0.6680555555555555 0.5552083333333333 0.6708333333333333 0.53125 0.6847222222222222 0.521875
0 0.6055555555555555 0.5177083333333333 0.6416666666666667 0.525 0.6625 0.5395833333333333 0.6722222222222223 0.6239583333333333 0.6541666666666667 0.6260416666666667 0.6152777777777778 0.6125 0.5708333333333333 0.609375 0.5277777777777778 0.61875 0.4875 0.640625 0.4708333333333333 0.6239583333333333 0.4791666666666667 0.5614583333333333 0.5222222222222223 0.5708333333333333 0.5513888888888889 0.56875 0.5847222222222223 0.55
0 0.6041666666666666 0.43854166666666666 0.6111111111111112 0.4427083333333333 0.6083333333333333 0.46145833333333336 0.6138888888888889 0.49895833333333334 0.6111111111111112 0.5260416666666666 0.6013888888888889 0.5458333333333333 0.5458333333333333 0.5822916666666667 0.5236111111111111 0.5833333333333334 0.49722222222222223 0.575 0.4652777777777778 0.5541666666666667 0.4638888888888889 0.540625 0.49027777777777776 0.5125 0.5208333333333334 0.4895833333333333 0.5736111111111111 0.4583333333333333 0.5944444444444444 0.4395833333333333
0 0.8222222222222222 0.39479166666666665 0.8638888888888889 0.4010416666666667 0.8902777777777777 0.41875 0.9 0.4322916666666667 0.8958333333333334 0.46770833333333334 0.8791666666666667 0.4979166666666667 0.8666666666666667 0.5104166666666666 0.8486111111111111 0.521875 0.8277777777777777 0.528125 0.7777777777777778 0.5145833333333333 0.6986111111111111 0.5177083333333333 0.6847222222222222 0.5135416666666667 0.6777777777777778 0.50625 0.675 0.4895833333333333 0.6916666666666667 0.46458333333333335 0.7569444444444444 0.41354166666666664 0.7847222222222222 0.4010416666666667
0 0.9722222222222222 0.384375 1 0.4010416666666667 1 0.5375 0.9569444444444445 0.553125 0.9125 0.5364583333333334 0.8888888888888888 0.5208333333333334 0.8805555555555555 0.5072916666666667 0.8805555555555555 0.49166666666666664 0.9041666666666667 0.4375 0.9416666666666667 0.4166666666666667 0.9569444444444445 0.390625
0 0.8527777777777777 0.2708333333333333 0.9125 0.27291666666666664 0.9402777777777778 0.28229166666666666 0.9680555555555556 0.3020833333333333 0.9791666666666666 0.31875 0.9833333333333333 0.34375 0.9680555555555556 0.3802083333333333 0.9472222222222222 0.39895833333333336 0.9236111111111112 0.41041666666666665 0.9013888888888889 0.41458333333333336 0.8861111111111111 0.4114583333333333 0.8486111111111111 0.3854166666666667 0.8513888888888889 0.35208333333333336 0.8402777777777778 0.27708333333333335
0 0.7777777777777778 0.2552083333333333 0.8111111111111111 0.2625 0.8361111111111111 0.2833333333333333 0.8444444444444444 0.30104166666666665 0.8486111111111111 0.3375 0.8486111111111111 0.35625 0.8375 0.38125 0.8222222222222222 0.3927083333333333 0.7902777777777777 0.39895833333333336 0.7708333333333334 0.39791666666666664 0.7458333333333333 0.3854166666666667 0.7305555555555555 0.36354166666666665 0.6916666666666667 0.32916666666666666 0.7055555555555556 0.30416666666666664 0.7083333333333334 0.278125 0.7416666666666667 0.2625
0 0.6208333333333333 0.31979166666666664 0.6791666666666667 0.32395833333333335 0.7277777777777777 0.35625 0.7416666666666667 0.3770833333333333 0.7430555555555556 0.4010416666666667 0.725 0.425 0.6791666666666667 0.4322916666666667 0.6236111111111111 0.428125 0.6097222222222223 0.421875 0.6166666666666667 0.384375 0.6111111111111112 0.3770833333333333 0.5930555555555556 0.3697916666666667 0.5902777777777778 0.35208333333333336 0.5944444444444444 0.3385416666666667
0 0.9805555555555555 0.2520833333333333 1 0.25625 1 0.35520833333333335 0.9875 0.353125 0.9777777777777777 0.31979166666666664 0.9625 0.2989583333333333 0.9319444444444445 0.2791666666666667 0.9388888888888889 0.26979166666666665
0 0.7736111111111111 0.14479166666666668 0.8097222222222222 0.14791666666666667 0.8361111111111111 0.16145833333333334 0.8569444444444444 0.18125 0.8583333333333333 0.203125 0.8513888888888889 0.221875 0.8236111111111111 0.24583333333333332 0.8 0.253125 0.7458333333333333 0.25416666666666665 0.7305555555555555 0.246875 0.7305555555555555 0.22916666666666666 0.7152777777777778 0.19583333333333333 0.7152777777777778 0.17708333333333334 0.7527777777777778 0.14895833333333333
0 0.6680555555555555 0.16354166666666667 0.6847222222222222 0.16458333333333333 0.7125 0.184375 0.7236111111111111 0.21145833333333333 0.7222222222222222 0.240625 0.7097222222222223 0.265625 0.6861111111111111 0.2916666666666667 0.6263888888888889 0.30416666666666664 0.6208333333333333 0.29791666666666666 0.6222222222222222 0.2760416666666667 0.5777777777777777 0.25729166666666664 0.5875 0.22083333333333333 0.5861111111111111 0.203125 0.6027777777777777 0.18333333333333332 0.6305555555555555 0.18020833333333333
0 0.4791666666666667 0.07604166666666666 0.5083333333333333 0.07604166666666666 0.5569444444444445 0.09270833333333334 0.5777777777777777 0.12395833333333334 0.5888888888888889 0.13020833333333334 0.5986111111111111 0.14479166666666668 0.5958333333333333 0.18541666666666667 0.5819444444444445 0.20729166666666668 0.5666666666666667 0.20208333333333334 0.5208333333333334 0.20729166666666668 0.48194444444444445 0.22916666666666666 0.4638888888888889 0.22395833333333334 0.45416666666666666 0.21458333333333332 0.4597222222222222 0.21041666666666667 0.45555555555555555 0.19583333333333333 0.4111111111111111 0.19479166666666667 0.3972222222222222 0.184375 0.4027777777777778 0.140625 0.39444444444444443 0.13333333333333333 0.4083333333333333 0.11041666666666666 0.42916666666666664 0.09375 0.4583333333333333 0.08020833333333334
0 0.35 0.04791666666666667 0.3597222222222222 0.04791666666666667 0.3680555555555556 0.059375 0.40694444444444444 0.07083333333333333 0.43333333333333335 0.09166666666666666 0.41388888888888886 0.10416666666666667 0.39166666666666666 0.13229166666666667 0.3680555555555556 0.13333333333333333 0.3541666666666667 0.14583333333333334 0.33194444444444443 0.15416666666666667 0.2986111111111111 0.184375 0.28055555555555556 0.20833333333333334 0.25833333333333336 0.21354166666666666 0.23194444444444445 0.18333333333333332 0.2375 0.17395833333333333 0.2375 0.13125 0.24305555555555555 0.1125 0.2569444444444444 0.09270833333333334 0.28194444444444444 0.07395833333333333
0 0.25277777777777777 0.09166666666666666 0.25 0.13958333333333334 0.25833333333333336 0.175 0.25555555555555554 0.18854166666666666 0.26944444444444443 0.20416666666666666 0.2611111111111111 0.21354166666666666 0.25 0.21770833333333334 0.19027777777777777 0.23125 0.16805555555555557 0.215625 0.16666666666666666 0.203125 0.15694444444444444 0.19270833333333334 0.14722222222222223 0.165625 0.14722222222222223 0.1375 0.18055555555555555 0.11145833333333334
0 0.42916666666666664 0 0.5013888888888889 0 0.5222222222222223 0.008333333333333333 0.5402777777777777 0.027083333333333334 0.5472222222222223 0.04583333333333333 0.5430555555555555 0.0625 0.5055555555555555 0.07395833333333333 0.45 0.08333333333333333 0.43194444444444446 0.09166666666666666 0.41944444444444445 0.09166666666666666 0.4027777777777778 0.075 0.3486111111111111 0.05416666666666667 0.3625 0.036458333333333336
0 0.7444444444444445 0.07083333333333333 0.7944444444444444 0.07395833333333333 0.8611111111111112 0.096875 0.8763888888888889 0.11145833333333334 0.8763888888888889 0.13229166666666667 0.8652777777777778 0.14166666666666666 0.8333333333333334 0.15520833333333334 0.8208333333333333 0.15625 0.7972222222222223 0.146875 0.7694444444444445 0.146875 0.7222222222222222 0.16979166666666667 0.7069444444444445 0.17083333333333334 0.6944444444444444 0.16354166666666667 0.6930555555555555 0.15520833333333334 0.6805555555555556 0.14166666666666666 0.6791666666666667 0.125 0.7194444444444444 0.07708333333333334
0 0.6430555555555556 0.009375 0.6708333333333333 0.010416666666666666 0.6986111111111111 0.022916666666666665 0.7180555555555556 0.04895833333333333 0.7208333333333333 0.07604166666666666 0.7166666666666667 0.084375 0.7 0.10520833333333333 0.6736111111111112 0.121875 0.6569444444444444 0.11875 0.6458333333333334 0.10416666666666667 0.6236111111111111 0.0875 0.6097222222222223 0.084375 0.5861111111111111 0.06458333333333334 0.5861111111111111 0.05 0.6305555555555555 0.013541666666666667
0 0.5513888888888889 0.0625 0.5680555555555555 0.0625 0.5805555555555556 0.06979166666666667 0.6097222222222223 0.06979166666666667 0.6388888888888888 0.0875 0.6777777777777778 0.15 0.6777777777777778 0.1625 0.6402777777777777 0.184375 0.6041666666666666 0.1875 0.5833333333333334 0.19375 0.5597222222222222 0.18125 0.5472222222222223 0.18020833333333333 0.5375 0.18645833333333334 0.5416666666666666 0.20104166666666667 0.49166666666666664 0.20833333333333334 0.48055555555555557 0.19583333333333333 0.4666666666666667 0.190625 0.46805555555555556 0.184375 0.4875 0.17916666666666667 0.4861111111111111 0.1625 0.47638888888888886 0.153125 0.4708333333333333 0.1375 0.45555555555555555 0.13020833333333334 0.42916666666666664 0.10104166666666667 0.4375 0.09895833333333333 0.44722222222222224 0.0875 0.475 0.08333333333333333 0.49444444444444446 0.075 0.525 0.071875
0 0.9805555555555555 0.17916666666666667 1 0.18020833333333333 1 0.259375 0.9708333333333333 0.259375 0.9444444444444444 0.265625 0.9597222222222223 0.19166666666666668 0.9666666666666667 0.18333333333333332
0 0.8944444444444445 0.134375 0.9263888888888889 0.1375 0.9486111111111111 0.15104166666666666 0.9555555555555556 0.1625 0.9597222222222223 0.18229166666666666 0.9513888888888888 0.20416666666666666 0.95 0.22916666666666666 0.9375 0.25416666666666665 0.9013888888888889 0.234375 0.8527777777777777 0.22708333333333333 0.8555555555555555 0.18958333333333333 0.8347222222222223 0.16354166666666667 0.8333333333333334 0.15208333333333332 0.8666666666666667 0.13854166666666667