0 0.390625 0.35 0.47767857142857145 0.365625 0.5133928571428571 0.37916666666666665 0.5357142857142857 0.39791666666666664 0.5424107142857143 0.415625 0.5379464285714286 0.484375 0.5267857142857143 0.5114583333333333 0.5022321428571429 0.5302083333333333 0.38392857142857145 0.5291666666666667 0.3325892857142857 0.5239583333333333 0.2857142857142857 0.5020833333333333 0.26339285714285715 0.4791666666666667 0.25223214285714285 0.4552083333333333 0.25223214285714285 0.428125 0.2700892857142857 0.38958333333333334 0.2857142857142857 0.37604166666666666 0.3169642857142857 0.3625
0 0.6049107142857143 0.3770833333333333 0.6517857142857143 0.378125 0.7410714285714286 0.39895833333333336 0.7678571428571429 0.4125 0.7834821428571429 0.43125 0.7857142857142857 0.46458333333333335 0.7678571428571429 0.5041666666666667 0.6875 0.5364583333333334 0.5803571428571429 0.534375 0.5424107142857143 0.5072916666666667 0.5424107142857143 0.40520833333333334 0.5580357142857143 0.38958333333333334
0 0.36160714285714285 0.528125 0.4575892857142857 0.5291666666666667 0.5066964285714286 0.5427083333333333 0.5267857142857143 0.5583333333333333 0.5424107142857143 0.5822916666666667 0.5446428571428571 0.6052083333333333 0.5334821428571429 0.6229166666666667 0.4955357142857143 0.6552083333333333 0.4375 0.6552083333333333 0.4107142857142857 0.659375 0.38169642857142855 0.653125 0.34151785714285715 0.6520833333333333 0.29017857142857145 0.6375 0.265625 0.6197916666666666 0.25 0.5927083333333333 0.25 0.5697916666666667 0.2611607142857143 0.55625 0.29017857142857145 0.5395833333333333
0 0.6272321428571429 0.5354166666666667 0.6986607142857143 0.540625 0.7232142857142857 0.553125 0.7366071428571429 0.56875 0.7165178571428571 0.6020833333333333 0.7120535714285714 0.6604166666666667 0.6495535714285714 0.68125 0.515625 0.6572916666666667 0.515625 0.64375 0.5446428571428571 0.6114583333333333 0.5736607142857143 0.5416666666666666 0.5848214285714286 0.5375
0 0.8191964285714286 0.5583333333333333 0.9040178571428571 0.5625 0.9709821428571429 0.5822916666666667 1 0.5979166666666667 1 0.70625 0.9665178571428571 0.7166666666666667 0.8794642857142857 0.7177083333333333 0.8169642857142857 0.7052083333333333 0.7745535714285714 0.6885416666666667 0.7276785714285714 0.6583333333333333 0.7120535714285714 0.6291666666666667 0.7120535714285714 0.60625 0.7232142857142857 0.584375 0.7589285714285714 0.5635416666666667
0 0.5133928571428571 0.659375 0.6004464285714286 0.6635416666666667 0.6607142857142857 0.6916666666666667 0.6763392857142857 0.7166666666666667 0.6808035714285714 0.7645833333333333 0.671875 0.796875 0.65625 0.8010416666666667 0.625 0.8041666666666667 0.4107142857142857 0.8041666666666667 0.3861607142857143 0.7916666666666666 0.3794642857142857 0.7552083333333334 0.39955357142857145 0.7083333333333334 0.44419642857142855 0.675 0.4799107142857143 0.6625
0 0.16517857142857142 0.6927083333333334 0.28125 0.6989583333333333 0.3013392857142857 0.7041666666666667 0.34151785714285715 0.7291666666666666 0.3794642857142857 0.7864583333333334 0.3794642857142857 0.7989583333333333 0.34375 0.8041666666666667 0.10267857142857142 0.8041666666666667 0.05580357142857143 0.8020833333333334 0.04017857142857143 0.796875 0.022321428571428572 0.7635416666666667 0.026785714285714284 0.73125 0.08928571428571429 0.7041666666666667
0 0 0.58125 0 0.7302083333333333 0.013392857142857142 0.728125 0.029017857142857144 0.7322916666666667 0.060267857142857144 0.7177083333333333 0.14955357142857142 0.6958333333333333 0.25669642857142855 0.696875 0.3013392857142857 0.6666666666666666 0.3236607142857143 0.659375 0.31473214285714285 0.6458333333333334 0.2857142857142857 0.6385416666666667 0.22544642857142858 0.6104166666666667 0.1875 0.603125 0.046875 0.6
0 0.24330357142857142 0.4708333333333333 0.25223214285714285 0.471875 0.2767857142857143 0.49583333333333335 0.32142857142857145 0.5197916666666667 0.3236607142857143 0.5291666666666667 0.27232142857142855 0.553125 0.2544642857142857 0.5770833333333333 0.2544642857142857 0.5947916666666667 0.203125 0.5989583333333334 0.22767857142857142 0.61875 0.21875 0.6208333333333333 0.18526785714285715 0.6135416666666667 0.05133928571428571 0.6020833333333333 0.029017857142857144 0.596875 0 0.5791666666666667 0 0.5166666666666667 0.013392857142857142 0.50625 0.0625 0.4875 0.09375 0.48125 0.21205357142857142 0.478125
0 0.09598214285714286 0.3614583333333333 0.19866071428571427 0.36354166666666665 0.24553571428571427 0.38125 0.25669642857142855 0.390625 0.25892857142857145 0.40729166666666666 0.24330357142857142 0.475 0.21651785714285715 0.48125 0.12946428571428573 0.48333333333333334 0.06696428571428571 0.47291666666666665 0.033482142857142856 0.45729166666666665 0.017857142857142856 0.4197916666666667 0.022321428571428572 0.38958333333333334 0.044642857142857144 0.371875
0 0.16071428571428573 0.23541666666666666 0.22991071428571427 0.2375 0.265625 0.24375 0.31026785714285715 0.271875 0.3125 0.31875 0.296875 0.33125 0.23214285714285715 0.36041666666666666 0.20758928571428573 0.35625 0.12276785714285714 0.31875 0.109375 0.2864583333333333 0.11160714285714286 0.26458333333333334 0.13169642857142858 0.246875
0 0.6294642857142857 0.20729166666666668 0.6741071428571429 0.21145833333333333 0.7254464285714286 0.22916666666666666 0.7410714285714286 0.24375 0.7455357142857143 0.2677083333333333 0.7366071428571429 0.28229166666666666 0.6919642857142857 0.30625 0.6450892857142857 0.32083333333333336 0.59375 0.32395833333333335 0.53125 0.30625 0.515625 0.28020833333333334 0.5133928571428571 0.25833333333333336 0.5290178571428571 0.23854166666666668 0.5513392857142857 0.225
0 0.7946428571428571 0.3927083333333333 0.9285714285714286 0.39791666666666664 0.9642857142857143 0.40625 0.9799107142857143 0.42083333333333334 0.9866071428571429 0.44375 0.96875 0.46770833333333334 0.9352678571428571 0.484375 0.8236607142857143 0.5072916666666667 0.78125 0.5114583333333333 0.7678571428571429 0.5020833333333333 0.7834821428571429 0.44375 0.7633928571428571 0.403125