0 0.5152777777777777 0.3333333333333333 0.5569444444444445 0.3333333333333333 0.5930555555555556 0.35 0.6194444444444445 0.3685185185185185 0.6597222222222222 0.4166666666666667 0.6833333333333333 0.46296296296296297 0.6972222222222222 0.5166666666666667 0.6972222222222222 0.5666666666666667 0.6847222222222222 0.6240740740740741 0.6569444444444444 0.6814814814814815 0.6347222222222222 0.7092592592592593 0.5666666666666667 0.7611111111111111 0.4986111111111111 0.7851851851851852 0.41805555555555557 0.7722222222222223 0.39166666666666666 0.7592592592592593 0.36527777777777776 0.7351851851851852 0.3402777777777778 0.6944444444444444 0.325 0.6351851851851852 0.32222222222222224 0.5851851851851851 0.3277777777777778 0.5537037037037037 0.3527777777777778 0.4740740740740741 0.3638888888888889 0.4666666666666667 0.36666666666666664 0.45555555555555555 0.37777777777777777 0.4703703703703704 0.3902777777777778 0.45740740740740743 0.40694444444444444 0.40370370370370373 0.46111111111111114 0.35185185185185186
0 0.6361111111111111 0.7277777777777777 0.6597222222222222 0.7277777777777777 0.6944444444444444 0.7462962962962963 0.7152777777777778 0.7666666666666667 0.75 0.8222222222222222 0.7625 0.8555555555555555 0.7736111111111111 0.9148148148148149 0.7736111111111111 0.9648148148148148 0.7666666666666667 1 0.525 1 0.5138888888888888 0.987037037037037 0.5083333333333333 0.9648148148148148 0.5111111111111111 0.9018518518518519 0.5305555555555556 0.8277777777777777 0.5652777777777778 0.7703703703703704 0.5972222222222222 0.7444444444444445
0 0.33611111111111114 0.7074074074074074 0.3861111111111111 0.7555555555555555 0.42916666666666664 0.7759259259259259 0.49166666666666664 0.7851851851851852 0.5569444444444445 0.7703703703703704 0.5277777777777778 0.8296296296296296 0.5152777777777777 0.8740740740740741 0.5041666666666667 1 0.4125 1 0.39444444444444443 0.9851851851851852 0.37083333333333335 1 0.20555555555555555 1 0.20555555555555555 0.9333333333333333 0.22083333333333333 0.8629629629629629 0.2875 0.762962962962963 0.33611111111111114 0.7222222222222222
0 0.14444444444444443 0.5296296296296297 0.19166666666666668 0.5351851851851852 0.2222222222222222 0.5537037037037037 0.23333333333333334 0.5685185185185185 0.26666666666666666 0.6611111111111111 0.2708333333333333 0.7462962962962963 0.2569444444444444 0.7981481481481482 0.2111111111111111 0.8722222222222222 0.15694444444444444 0.9055555555555556 0.1 0.912962962962963 0.03888888888888889 0.8851851851851852 0 0.8296296296296296 0.004166666666666667 0.6796296296296296 0.0125 0.6462962962962963 0.05416666666666667 0.5833333333333334 0.08888888888888889 0.5518518518518518
0 0.11527777777777778 0.28888888888888886 0.16666666666666666 0.29814814814814816 0.2111111111111111 0.3314814814814815 0.23194444444444445 0.37592592592592594 0.2513888888888889 0.4388888888888889 0.25416666666666665 0.49444444444444446 0.24861111111111112 0.5259259259259259 0.23055555555555557 0.5611111111111111 0.17222222222222222 0.5333333333333333 0.1361111111111111 0.5333333333333333 0.10833333333333334 0.5425925925925926 0.06111111111111111 0.5777777777777777 0.019444444444444445 0.6185185185185185 0.013888888888888888 0.6370370370370371 0.006944444444444444 0.6370370370370371 0.005555555555555556 0.6222222222222222 0.018055555555555554 0.6074074074074074 0 0.5981481481481481 0 0.3592592592592593 0.05 0.3111111111111111
0 0.4125 0.23703703703703705 0.4722222222222222 0.24074074074074073 0.5027777777777778 0.2611111111111111 0.5222222222222223 0.2851851851851852 0.5388888888888889 0.3296296296296296 0.46805555555555556 0.35 0.4222222222222222 0.3962962962962963 0.39166666666666666 0.4166666666666667 0.36666666666666664 0.45 0.3486111111111111 0.48703703703703705 0.32083333333333336 0.5888888888888889 0.3013888888888889 0.5888888888888889 0.275 0.5555555555555556 0.25972222222222224 0.5037037037037037 0.2569444444444444 0.43148148148148147 0.2638888888888889 0.3925925925925926 0.28888888888888886 0.3296296296296296 0.32083333333333336 0.2851851851851852 0.3680555555555556 0.2518518518518518
0 0.6152777777777778 0.2222222222222222 0.65 0.22407407407407406 0.6763888888888889 0.23703703703703705 0.7 0.26666666666666666 0.7222222222222222 0.31666666666666665 0.7291666666666666 0.3425925925925926 0.7291666666666666 0.3962962962962963 0.7194444444444444 0.4351851851851852 0.7041666666666667 0.4537037037037037 0.6847222222222222 0.45555555555555555 0.6388888888888888 0.387037037037037 0.5652777777777778 0.3333333333333333 0.5652777777777778 0.28888888888888886 0.5777777777777777 0.25 0.5916666666666667 0.22962962962962963
0 0.9194444444444444 0.21666666666666667 0.9541666666666667 0.2222222222222222 1 0.26666666666666666 1 0.4537037037037037 0.9722222222222222 0.43148148148148147 0.9125 0.3648148148148148 0.9041666666666667 0.30185185185185187 0.8722222222222222 0.2833333333333333 0.8652777777777778 0.26851851851851855 0.8791666666666667 0.2388888888888889
0 0.9666666666666667 0.09074074074074075 1 0.09074074074074075 1 0.2814814814814815 0.9625 0.2351851851851852 0.9375 0.2222222222222222 0.9041666666666667 0.22037037037037038 0.8875 0.18333333333333332 0.8708333333333333 0.16666666666666666 0.8736111111111111 0.14444444444444443 0.8847222222222222 0.13148148148148148 0.8972222222222223 0.13148148148148148 0.9347222222222222 0.09814814814814815
0 0.95 0 1 0 1 0.09444444444444444 0.9388888888888889 0.1 0.9125 0.11851851851851852 0.8888888888888888 0.10740740740740741 0.8833333333333333 0.07777777777777778 0.8861111111111111 0.03148148148148148 0.8958333333333334 0.022222222222222223 0.9236111111111112 0.025925925925925925
0 0.4777777777777778 0 0.5472222222222223 0 0.5527777777777778 0.014814814814814815 0.5625 0.05555555555555555 0.5666666666666667 0.11481481481481481 0.5541666666666667 0.14629629629629629 0.5291666666666667 0.17592592592592593 0.48055555555555557 0.18333333333333332 0.45416666666666666 0.16296296296296298 0.4263888888888889 0.15555555555555556 0.4166666666666667 0.1425925925925926 0.4222222222222222 0.09814814814814815 0.44027777777777777 0.044444444444444446
0 0.6152777777777778 0.1 0.6513888888888889 0.1111111111111111 0.6777777777777778 0.1425925925925926 0.6916666666666667 0.17777777777777778 0.6930555555555555 0.22777777777777777 0.7 0.24259259259259258 0.6819444444444445 0.24259259259259258 0.6375 0.22407407407407406 0.5416666666666666 0.22777777777777777 0.5319444444444444 0.21851851851851853 0.5375 0.18518518518518517 0.5652777777777778 0.12962962962962962
0 0.5930555555555556 0 0.7611111111111111 0 0.7388888888888889 0.020370370370370372 0.7041666666666667 0.08703703703703704 0.7 0.1814814814814815 0.6819444444444445 0.17407407407407408 0.6597222222222222 0.12037037037037036 0.6041666666666666 0.0962962962962963 0.5986111111111111 0.05925925925925926 0.6013888888888889 0.009259259259259259
0 0.2902777777777778 0.08333333333333333 0.3236111111111111 0.08333333333333333 0.35555555555555557 0.09814814814814815 0.3861111111111111 0.14814814814814814 0.3902777777777778 0.17037037037037037 0.36666666666666664 0.21851851851851853 0.35138888888888886 0.21851851851851853 0.31805555555555554 0.19814814814814816 0.3055555555555556 0.19814814814814816 0.2847222222222222 0.23148148148148148 0.28055555555555556 0.2518518518518518 0.2652777777777778 0.2574074074074074 0.2513888888888889 0.24259259259259258 0.25416666666666665 0.20185185185185187 0.24027777777777778 0.17777777777777778 0.2375 0.15555555555555556 0.24722222222222223 0.1259259259259259 0.26944444444444443 0.0962962962962963
0 0.13055555555555556 0 0.2652777777777778 0.001851851851851852 0.2708333333333333 0.024074074074074074 0.26805555555555555 0.09074074074074075 0.22777777777777777 0.17037037037037037 0.21666666666666667 0.17777777777777778 0.16944444444444445 0.17592592592592593 0.15694444444444444 0.17037037037037037 0.1388888888888889 0.14444444444444443 0.12083333333333333 0.07592592592592592 0.12222222222222222 0.03518518518518519
0 0.26666666666666666 0 0.4708333333333333 0.001851851851851852 0.4486111111111111 0.027777777777777776 0.4152777777777778 0.0962962962962963 0.3958333333333333 0.10925925925925926 0.36944444444444446 0.1111111111111111 0.3402777777777778 0.09074074074074075 0.2875 0.07962962962962963 0.2875 0.06296296296296296 0.27361111111111114 0.03888888888888889
0 0.2902777777777778 0.08518518518518518 0.3236111111111111 0.08518518518518518 0.35555555555555557 0.10185185185185185 0.38055555555555554 0.14074074074074075 0.3875 0.17222222222222222 0.37083333333333335 0.2037037037037037 0.36944444444444446 0.2222222222222222 0.31527777777777777 0.21481481481481482 0.2972222222222222 0.23148148148148148 0.29305555555555557 0.2537037037037037 0.27361111111111114 0.2740740740740741 0.25833333333333336 0.26481481481481484 0.24166666666666667 0.26666666666666666 0.24583333333333332 0.2537037037037037 0.22777777777777777 0.21666666666666667 0.225 0.17037037037037037 0.24027777777777778 0.13703703703703704 0.26805555555555555 0.09814814814814815
0 0.14722222222222223 0.17777777777777778 0.19305555555555556 0.17962962962962964 0.21388888888888888 0.18888888888888888 0.22916666666666666 0.2074074074074074 0.2375 0.2518518518518518 0.2125 0.31851851851851853 0.2 0.32037037037037036 0.16805555555555557 0.3 0.12777777777777777 0.28888888888888886 0.10416666666666667 0.27037037037037037 0.10138888888888889 0.2111111111111111 0.12222222222222222 0.18703703703703703