0 0.6395833333333333 0.3888888888888889 0.6854166666666667 0.39444444444444443 0.7125 0.41388888888888886 0.7479166666666667 0.4861111111111111 0.7479166666666667 0.5388888888888889 0.725 0.6194444444444445 0.7 0.6666666666666666 0.6604166666666667 0.6861111111111111 0.5895833333333333 0.6666666666666666 0.5625 0.6277777777777778 0.5458333333333333 0.5694444444444444 0.54375 0.5166666666666667 0.5604166666666667 0.45 0.5979166666666667 0.4083333333333333
0 0.4166666666666667 0.5222222222222223 0.475 0.5416666666666666 0.51875 0.5972222222222222 0.5354166666666667 0.675 0.53125 0.6972222222222222 0.50625 0.7277777777777777 0.4583333333333333 0.7472222222222222 0.41875 0.75 0.375 0.7333333333333333 0.33958333333333335 0.6888888888888889 0.32916666666666666 0.6527777777777778 0.3375 0.5888888888888889 0.34791666666666665 0.5833333333333334 0.34791666666666665 0.5666666666666667 0.3645833333333333 0.5444444444444444
0 0.5895833333333333 0.6694444444444444 0.64375 0.6888888888888889 0.7 0.6694444444444444 0.71875 0.7 0.7354166666666667 0.7833333333333333 0.73125 0.9138888888888889 0.74375 0.9361111111111111 0.7354166666666667 0.9472222222222222 0.7104166666666667 0.9472222222222222 0.71875 0.9611111111111111 0.7166666666666667 0.9861111111111112 0.7083333333333334 0.9861111111111112 0.69375 0.9527777777777777 0.64375 0.9138888888888889 0.60625 0.8972222222222223 0.5583333333333333 0.9 0.5395833333333333 0.8694444444444445 0.5333333333333333 0.8416666666666667 0.5375 0.7861111111111111 0.5666666666666667 0.7055555555555556
0 0.5666666666666667 0.8944444444444445 0.6083333333333333 0.8944444444444445 0.6520833333333333 0.9166666666666666 0.6958333333333333 0.9638888888888889 0.7083333333333334 1 0.49166666666666664 1 0.49375 0.9694444444444444 0.5125 0.9305555555555556
0 0.8458333333333333 0.6833333333333333 0.8854166666666666 0.7027777777777777 0.9083333333333333 0.7388888888888889 0.9208333333333333 0.7944444444444444 0.9125 0.8583333333333333 0.89375 0.9055555555555556 0.8666666666666667 0.9388888888888889 0.8229166666666666 0.9527777777777777 0.775 0.95 0.7583333333333333 0.9388888888888889 0.7354166666666667 0.9 0.7416666666666667 0.7833333333333333 0.7645833333333333 0.7305555555555555 0.8125 0.7138888888888889
0 0.7520833333333333 0.48333333333333334 0.7979166666666667 0.4861111111111111 0.8458333333333333 0.5166666666666667 0.8708333333333333 0.5666666666666667 0.8729166666666667 0.6222222222222222 0.8645833333333334 0.6527777777777778 0.8354166666666667 0.7 0.7979166666666667 0.725 0.7541666666666667 0.7277777777777777 0.6958333333333333 0.6722222222222223 0.7416666666666667 0.55
0 0.90625 0.4 0.9520833333333333 0.4 1 0.41944444444444445 1 0.5583333333333333 0.9854166666666667 0.575 0.9479166666666666 0.5944444444444444 0.9083333333333333 0.5944444444444444 0.8729166666666667 0.5666666666666667 0.8541666666666666 0.5194444444444445 0.85 0.4527777777777778 0.86875 0.41944444444444445
0 0.9 0.25555555555555554 0.9604166666666667 0.2611111111111111 1 0.2833333333333333 1 0.4111111111111111 0.9375 0.3972222222222222 0.8666666666666667 0.4027777777777778 0.8625 0.3055555555555556 0.8770833333333333 0.2722222222222222
0 0.9979166666666667 0.5555555555555556 1 0.6833333333333333 0.9895833333333334 0.7 1 0.7083333333333334 1 0.7527777777777778 0.9770833333333333 0.7638888888888888 0.9645833333333333 0.7833333333333333 0.9229166666666667 0.7833333333333333 0.9083333333333333 0.7361111111111112 0.875 0.6916666666666667 0.8770833333333333 0.6055555555555555 0.8854166666666666 0.5916666666666667 0.95 0.5944444444444444
0 0.4625 0.7527777777777778 0.4875 0.7555555555555555 0.5125 0.7777777777777778 0.5291666666666667 0.8083333333333333 0.5375 0.8638888888888889 0.53125 0.9138888888888889 0.5041666666666667 0.9472222222222222 0.48541666666666666 1 0.44166666666666665 1 0.4125 0.9833333333333333 0.38958333333333334 0.95 0.3729166666666667 0.8805555555555555 0.375 0.8194444444444444 0.3958333333333333 0.7722222222222223 0.4125 0.7555555555555555
0 0.23541666666666666 0.5055555555555555 0.2875 0.5194444444444445 0.33958333333333335 0.5777777777777777 0.32916666666666666 0.6777777777777778 0.27291666666666664 0.7222222222222222 0.23541666666666666 0.725 0.20416666666666666 0.7083333333333334 0.19166666666666668 0.6722222222222223 0.17708333333333334 0.6611111111111111 0.16875 0.6277777777777778 0.16666666666666666 0.6055555555555555 0.18333333333333332 0.5388888888888889
0 0.32708333333333334 0.675 0.36875 0.725 0.40625 0.7444444444444445 0.4083333333333333 0.7583333333333333 0.37916666666666665 0.8083333333333333 0.36875 0.875 0.31875 0.9055555555555556 0.28125 0.8833333333333333 0.2375 0.7722222222222223 0.20625 0.7194444444444444 0.26458333333333334 0.725 0.3020833333333333 0.7055555555555556
0 0.17708333333333334 0.7055555555555556 0.22083333333333333 0.7472222222222222 0.23958333333333334 0.7805555555555556 0.25 0.8583333333333333 0.24375 0.9277777777777778 0.20416666666666666 1 0.16458333333333333 1 0.15416666666666667 0.9638888888888889 0.14166666666666666 1 0.07708333333333334 1 0.04583333333333333 0.95 0.03958333333333333 0.9138888888888889 0.04375 0.8555555555555555 0.07291666666666667 0.7916666666666666 0.11458333333333333 0.7305555555555555
0 0.22708333333333333 0.2972222222222222 0.2833333333333333 0.3111111111111111 0.32083333333333336 0.3527777777777778 0.29583333333333334 0.4222222222222222 0.29375 0.4888888888888889 0.22291666666666668 0.475 0.16458333333333333 0.43333333333333335 0.175 0.3527777777777778
0 0.34791666666666665 0.14444444444444443 0.3958333333333333 0.15833333333333333 0.425 0.2 0.4395833333333333 0.24166666666666667 0.42916666666666664 0.3194444444444444 0.325 0.34444444444444444 0.3 0.2972222222222222 0.28958333333333336 0.2638888888888889 0.29583333333333334 0.19166666666666668 0.31666666666666665 0.16111111111111112
0 0.4979166666666667 0.18888888888888888 0.5354166666666667 0.19444444444444445 0.5604166666666667 0.2111111111111111 0.575 0.25833333333333336 0.575 0.32222222222222224 0.5479166666666667 0.375 0.4791666666666667 0.4 0.4479166666666667 0.37222222222222223 0.4354166666666667 0.325 0.43333333333333335 0.26944444444444443 0.46458333333333335 0.20555555555555555
0 0.5375 0.38055555555555554 0.6041666666666666 0.4 0.5666666666666667 0.45 0.5416666666666666 0.5166666666666667 0.5458333333333333 0.6055555555555555 0.5208333333333334 0.5944444444444444 0.4395833333333333 0.5166666666666667 0.45 0.4527777777777778 0.4895833333333333 0.40555555555555556
0 0.6145833333333334 0.03888888888888889 0.6729166666666667 0.06388888888888888 0.69375 0.08611111111111111 0.7104166666666667 0.12777777777777777 0.6520833333333333 0.16944444444444445 0.6083333333333333 0.24722222222222223 0.5979166666666667 0.3055555555555556 0.5854166666666667 0.30833333333333335 0.5604166666666667 0.21666666666666667 0.55625 0.14166666666666666 0.5770833333333333 0.06666666666666667
0 0.42916666666666664 0.005555555555555556 0.4791666666666667 0.011111111111111112 0.49375 0.027777777777777776 0.49375 0.03888888888888889 0.4791666666666667 0.05 0.4791666666666667 0.08055555555555556 0.50625 0.17777777777777778 0.50625 0.18888888888888888 0.475 0.2 0.44375 0.2361111111111111 0.43125 0.23055555555555557 0.3958333333333333 0.1638888888888889 0.35 0.14722222222222223 0.31875 0.1527777777777778 0.32916666666666666 0.07777777777777778 0.35 0.03333333333333333 0.3645833333333333 0.019444444444444445
0 0.125 0.22777777777777777 0.19375 0.25277777777777777 0.21666666666666667 0.2916666666666667 0.21458333333333332 0.3055555555555556 0.15625 0.38055555555555554 0.0625 0.37222222222222223 0.04791666666666667 0.29444444444444445 0.052083333333333336 0.26944444444444443 0.0625 0.25555555555555554 0.07708333333333334 0.25555555555555554 0.08541666666666667 0.2388888888888889
0 0.06666666666666667 0.10833333333333334 0.13333333333333333 0.11944444444444445 0.16458333333333333 0.1638888888888889 0.18333333333333332 0.22777777777777777 0.08125 0.2388888888888889 0.06041666666666667 0.23055555555555557 0.03333333333333333 0.18611111111111112 0.03125 0.15833333333333333 0.0375 0.12777777777777777
0 0.17083333333333334 0.07777777777777778 0.23125 0.08611111111111111 0.25416666666666665 0.11388888888888889 0.24791666666666667 0.17222222222222222 0.19583333333333333 0.2361111111111111 0.16666666666666666 0.19166666666666668 0.1625 0.16944444444444445 0.13333333333333333 0.1361111111111111 0.14583333333333334 0.09166666666666666