0 0.4010416666666667 0.8270833333333333 0.43020833333333336 0.83125 0.45625 0.8458333333333333 0.47708333333333336 0.8645833333333334 0.490625 0.8895833333333333 0.5020833333333333 0.9354166666666667 0.503125 0.9572916666666667 0.49583333333333335 0.984375 0.484375 1 0.38333333333333336 1 0.353125 0.975 0.33958333333333335 0.953125 0.328125 0.9166666666666666 0.33229166666666665 0.878125 0.35520833333333335 0.846875 0.37916666666666665 0.8322916666666667
0 0.5770833333333333 0.8447916666666667 0.584375 0.8458333333333333 0.6229166666666667 0.878125 0.6447916666666667 0.8885416666666667 0.6854166666666667 0.8989583333333333 0.696875 0.9135416666666667 0.7010416666666667 0.928125 0.6989583333333333 0.94375 0.6864583333333333 0.9729166666666667 0.665625 1 0.525 1 0.5145833333333333 0.9458333333333333 0.5302083333333333 0.890625 0.5520833333333334 0.8583333333333333
0 0.790625 0.88125 0.84375 0.8895833333333333 0.8697916666666666 0.9125 0.903125 0.9333333333333333 0.9260416666666667 0.95625 0.934375 0.9760416666666667 0.9364583333333333 1 0.7541666666666667 1 0.7458333333333333 0.9864583333333333 0.7416666666666667 0.9635416666666666 0.7458333333333333 0.9302083333333333 0.7666666666666667 0.8916666666666667 0.7760416666666666 0.884375
0 0.8947916666666667 0.7052083333333333 0.9802083333333333 0.7291666666666666 1 0.7427083333333333 1 0.9052083333333333 0.9875 0.9125 0.9552083333333333 0.915625 0.9135416666666667 0.9041666666666667 0.8739583333333333 0.875 0.8614583333333333 0.8510416666666667 0.8541666666666666 0.7958333333333333 0.846875 0.7729166666666667 0.8479166666666667 0.7416666666666667 0.865625 0.7125
0 0.61875 0.6791666666666667 0.634375 0.6791666666666667 0.696875 0.7010416666666667 0.734375 0.7197916666666667 0.7697916666666667 0.7479166666666667 0.7822916666666667 0.7791666666666667 0.7875 0.815625 0.7822916666666667 0.85 0.7635416666666667 0.8708333333333333 0.7135416666666666 0.8895833333333333 0.6583333333333333 0.8895833333333333 0.6239583333333333 0.8770833333333333 0.5916666666666667 0.8510416666666667 0.5802083333333333 0.834375 0.5708333333333333 0.809375 0.5645833333333333 0.7729166666666667 0.565625 0.7552083333333334 0.5864583333333333 0.6958333333333333 0.5927083333333333 0.6895833333333333
0 0.49583333333333335 0.5729166666666666 0.5364583333333334 0.5770833333333333 0.5583333333333333 0.5916666666666667 0.5729166666666666 0.6083333333333333 0.584375 0.6385416666666667 0.5875 0.6927083333333334 0.571875 0.7416666666666667 0.5604166666666667 0.7625 0.546875 0.7760416666666666 0.5135416666666667 0.7927083333333333 0.484375 0.7979166666666667 0.4635416666666667 0.796875 0.44166666666666665 0.7885416666666667 0.41770833333333335 0.7677083333333333 0.40625 0.7364583333333333 0.40625 0.7197916666666667 0.4125 0.696875 0.4552083333333333 0.6052083333333333 0.47708333333333336 0.58125
0 0.2375 0.915625 0.25729166666666664 0.91875 0.284375 0.9458333333333333 0.30104166666666665 0.9739583333333334 0.303125 0.9885416666666667 0.2989583333333333 1 0.11770833333333333 1 0.140625 0.9614583333333333 0.19270833333333334 0.946875
0 0.1 0.8010416666666667 0.10833333333333334 0.809375 0.125 0.8458333333333333 0.1375 0.8520833333333333 0.15416666666666667 0.8520833333333333 0.203125 0.8375 0.215625 0.8375 0.21875 0.8479166666666667 0.23229166666666667 0.8645833333333334 0.2375 0.884375 0.2375 0.9072916666666667 0.23125 0.9260416666666667 0.215625 0.9375 0.17604166666666668 0.95 0.128125 0.9489583333333333 0.11041666666666666 0.94375 0.08958333333333333 0.9291666666666667 0.07291666666666667 0.9104166666666667 0.06979166666666667 0.88125 0.08854166666666667 0.821875
0 0.022916666666666665 0.6864583333333333 0.058333333333333334 0.690625 0.08125 0.7052083333333333 0.09166666666666666 0.7333333333333333 0.09583333333333334 0.765625 0.09791666666666667 0.8010416666666667 0.084375 0.84375 0.06770833333333333 0.8739583333333333 0.03958333333333333 0.9010416666666666 0.022916666666666665 0.9 0.009375 0.875 0.007291666666666667 0.8552083333333333 0.0125 0.8385416666666666 0.008333333333333333 0.8229166666666666 0.009375 0.78125 0 0.7739583333333333 0 0.6916666666666667
0 0.196875 0.6510416666666666 0.20416666666666666 0.6510416666666666 0.21354166666666666 0.659375 0.22083333333333333 0.6864583333333333 0.23541666666666666 0.7104166666666667 0.2520833333333333 0.7270833333333333 0.265625 0.734375 0.26875 0.75 0.2635416666666667 0.7729166666666667 0.24375 0.80625 0.20833333333333334 0.8354166666666667 0.178125 0.8489583333333334 0.146875 0.8541666666666666 0.12708333333333333 0.853125 0.11145833333333334 0.8385416666666666 0.10729166666666666 0.8125 0.09895833333333333 0.79375 0.090625 0.7385416666666667 0.09479166666666666 0.6989583333333333 0.11458333333333333 0.6760416666666667 0.12708333333333333 0.66875 0.159375 0.65625
0 0.3416666666666667 0.5333333333333333 0.38958333333333334 0.540625 0.40520833333333334 0.55 0.4239583333333333 0.5708333333333333 0.434375 0.60625 0.434375 0.6302083333333334 0.42291666666666666 0.6708333333333333 0.39479166666666665 0.709375 0.35625 0.7333333333333333 0.32916666666666666 0.740625 0.29791666666666666 0.7416666666666667 0.2552083333333333 0.7291666666666666 0.23229166666666667 0.7083333333333334 0.21875 0.678125 0.21354166666666666 0.6447916666666667 0.21979166666666666 0.6197916666666666 0.2375 0.5979166666666667 0.28541666666666665 0.5604166666666667 0.31666666666666665 0.540625
0 0.7479166666666667 0.5364583333333334 0.7947916666666667 0.540625 0.8239583333333333 0.553125 0.8395833333333333 0.5697916666666667 0.853125 0.59375 0.8552083333333333 0.6354166666666666 0.8479166666666667 0.6708333333333333 0.8333333333333334 0.6885416666666667 0.809375 0.7020833333333333 0.7666666666666667 0.7104166666666667 0.7104166666666667 0.7052083333333333 0.6791666666666667 0.6864583333333333 0.6635416666666667 0.6625 0.6635416666666667 0.6208333333333333 0.6864583333333333 0.5677083333333334 0.7072916666666667 0.5489583333333333
0 0.9822916666666667 0.5 1 0.5083333333333333 1 0.7239583333333334 0.9604166666666667 0.721875 0.9260416666666667 0.709375 0.9041666666666667 0.6864583333333333 0.896875 0.6604166666666667 0.8989583333333333 0.5885416666666666 0.909375 0.5572916666666666 0.9458333333333333 0.5208333333333334
0 0.7802083333333333 0.2635416666666667 0.8 0.26458333333333334 0.8135416666666667 0.271875 0.8416666666666667 0.27708333333333335 0.8677083333333333 0.29375 0.8833333333333333 0.3177083333333333 0.8864583333333333 0.3416666666666667 0.8708333333333333 0.36875 0.859375 0.4 0.834375 0.4354166666666667 0.796875 0.4583333333333333 0.75625 0.4635416666666667 0.7239583333333334 0.45208333333333334 0.6979166666666666 0.42291666666666666 0.6875 0.38958333333333334 0.6885416666666667 0.3489583333333333 0.6947916666666667 0.3229166666666667 0.71875 0.2875 0.7510416666666667 0.265625 0.7760416666666666 0.26666666666666666
0 0.884375 0.378125 0.9260416666666667 0.3885416666666667 0.9489583333333333 0.40208333333333335 0.9614583333333333 0.41458333333333336 0.9760416666666667 0.44375 0.9760416666666667 0.4708333333333333 0.9635416666666666 0.5052083333333334 0.9489583333333333 0.5197916666666667 0.8979166666666667 0.5604166666666667 0.8770833333333333 0.5708333333333333 0.8489583333333334 0.578125 0.81875 0.5520833333333334 0.775 0.534375 0.771875 0.5302083333333333 0.7729166666666667 0.509375 0.7760416666666666 0.5010416666666667 0.8 0.48125 0.8135416666666667 0.459375 0.8427083333333333 0.43125 0.86875 0.38645833333333335
0 0.56875 0.32395833333333335 0.5947916666666667 0.328125 0.6177083333333333 0.34375 0.6322916666666667 0.390625 0.628125 0.4166666666666667 0.6104166666666667 0.4427083333333333 0.590625 0.45729166666666665 0.55625 0.465625 0.5197916666666667 0.46458333333333335 0.5041666666666667 0.45416666666666666 0.4947916666666667 0.43333333333333335 0.490625 0.396875 0.49270833333333336 0.37916666666666665 0.5291666666666667 0.340625 0.553125 0.32708333333333334
0 0.6666666666666666 0.3854166666666667 0.684375 0.39166666666666666 0.690625 0.41875 0.7135416666666666 0.4479166666666667 0.75 0.4666666666666667 0.7520833333333333 0.484375 0.740625 0.5114583333333333 0.721875 0.53125 0.6604166666666667 0.5489583333333333 0.6416666666666667 0.55 0.6177083333333333 0.5427083333333333 0.6052083333333333 0.534375 0.596875 0.509375 0.5958333333333333 0.484375 0.6020833333333333 0.46875 0.6291666666666667 0.43333333333333335 0.64375 0.39479166666666665
0 0.4947916666666667 0.465625 0.5072916666666667 0.465625 0.546875 0.47708333333333336 0.575 0.4947916666666667 0.5916666666666667 0.53125 0.5864583333333333 0.5708333333333333 0.5708333333333333 0.5979166666666667 0.5239583333333333 0.575 0.49375 0.5729166666666666 0.46458333333333335 0.5916666666666667 0.440625 0.615625 0.425 0.578125 0.4010416666666667 0.546875 0.403125 0.5322916666666667 0.41875 0.5125
0 0.14375 0.471875 0.16666666666666666 0.47291666666666665 0.19375 0.48541666666666666 0.215625 0.5083333333333333 0.22395833333333334 0.5302083333333333 0.225 0.5572916666666666 0.209375 0.5989583333333334 0.184375 0.6302083333333334 0.146875 0.6458333333333334 0.08229166666666667 0.6541666666666667 0.052083333333333336 0.64375 0.020833333333333332 0.6072916666666667 0.022916666666666665 0.5760416666666667 0.03229166666666667 0.55 0.05520833333333333 0.5177083333333333 0.10625 0.484375
0 0.28854166666666664 0.4270833333333333 0.303125 0.4322916666666667 0.31875 0.45 0.3385416666666667 0.4635416666666667 0.3541666666666667 0.4666666666666667 0.3697916666666667 0.47708333333333336 0.36770833333333336 0.5104166666666666 0.3572916666666667 0.53125 0.3177083333333333 0.540625 0.28125 0.5614583333333333 0.25729166666666664 0.5833333333333334 0.23958333333333334 0.5854166666666667 0.22604166666666667 0.56875 0.21145833333333333 0.4895833333333333 0.22291666666666668 0.4666666666666667 0.240625 0.446875 0.26458333333333334 0.4322916666666667
0 0.3645833333333333 0.303125 0.396875 0.3072916666666667 0.43645833333333334 0.328125 0.4635416666666667 0.35208333333333336 0.48854166666666665 0.38645833333333335 0.4947916666666667 0.40520833333333334 0.49375 0.434375 0.4875 0.4510416666666667 0.475 0.46458333333333335 0.46041666666666664 0.47291666666666665 0.4322916666666667 0.4791666666666667 0.37604166666666666 0.47291666666666665 0.3302083333333333 0.45416666666666666 0.2916666666666667 0.42604166666666665 0.284375 0.3854166666666667 0.2875 0.3302083333333333 0.33958333333333335 0.30625
0 0.49375 0.17291666666666666 0.5083333333333333 0.17291666666666666 0.5322916666666667 0.18020833333333333 0.5677083333333334 0.20729166666666668 0.5802083333333333 0.23020833333333332 0.5802083333333333 0.2791666666666667 0.5572916666666666 0.3145833333333333 0.5395833333333333 0.328125 0.49895833333333334 0.3416666666666667 0.46770833333333334 0.34270833333333334 0.44166666666666665 0.3333333333333333 0.42083333333333334 0.31875 0.3927083333333333 0.27708333333333335 0.3958333333333333 0.265625 0.428125 0.21145833333333333 0.459375 0.184375
0 0.03333333333333333 0.13229166666666667 0.06354166666666666 0.13229166666666667 0.1 0.13854166666666667 0.14166666666666666 0.16458333333333333 0.16979166666666667 0.18958333333333333 0.18541666666666667 0.215625 0.190625 0.259375 0.18541666666666667 0.2875 0.171875 0.30520833333333336 0.14270833333333333 0.321875 0.09895833333333333 0.32395833333333335 0.07291666666666667 0.3177083333333333 0.04583333333333333 0.30416666666666664 0.010416666666666666 0.27708333333333335 0 0.259375 0 0.13958333333333334
0 0.190625 0.24270833333333333 0.20208333333333334 0.24375 0.253125 0.27395833333333336 0.2760416666666667 0.30416666666666664 0.28854166666666664 0.33125 0.28958333333333336 0.3625 0.28229166666666666 0.39166666666666666 0.271875 0.40208333333333335 0.24166666666666667 0.4166666666666667 0.20833333333333334 0.42291666666666666 0.17395833333333333 0.41875 0.15104166666666666 0.40520833333333334 0.13645833333333332 0.378125 0.13229166666666667 0.35625 0.134375 0.3302083333333333 0.171875 0.30520833333333336 0.18229166666666666 0.29270833333333335 0.1875 0.28020833333333334
0 0 0.275 0.014583333333333334 0.28854166666666664 0.05416666666666667 0.31145833333333334 0.109375 0.32708333333333334 0.12708333333333333 0.3385416666666667 0.13645833333333332 0.37395833333333334 0.15416666666666667 0.40520833333333334 0.1625 0.43333333333333335 0.16145833333333334 0.446875 0.14791666666666667 0.4635416666666667 0.13125 0.46770833333333334 0.09479166666666666 0.4666666666666667 0.059375 0.45416666666666666 0.04583333333333333 0.44375 0 0.4322916666666667 0 0.3802083333333333 0.003125 0.371875 0 0.36354166666666665
0 0.85625 0.051041666666666666 0.875 0.051041666666666666 0.8875 0.057291666666666664 0.9020833333333333 0.07916666666666666 0.9083333333333333 0.10208333333333333 0.90625 0.16458333333333333 0.89375 0.19375 0.8770833333333333 0.21770833333333334 0.8645833333333334 0.228125 0.8291666666666667 0.23854166666666668 0.7958333333333333 0.23541666666666666 0.76875 0.21979166666666666 0.75625 0.20729166666666668 0.7510416666666667 0.190625 0.7520833333333333 0.17604166666666668 0.7864583333333334 0.08958333333333333 0.8166666666666667 0.06770833333333333
0 0.7052083333333333 0.008333333333333333 0.7458333333333333 0.011458333333333333 0.7666666666666667 0.027083333333333334 0.7791666666666667 0.06354166666666666 0.7739583333333333 0.11354166666666667 0.7604166666666666 0.140625 0.734375 0.165625 0.6958333333333333 0.17604166666666668 0.6604166666666667 0.17604166666666668 0.6208333333333333 0.153125 0.6114583333333333 0.11770833333333333 0.6145833333333334 0.08541666666666667 0.6302083333333334 0.05 0.6447916666666667 0.034375 0.671875 0.01875
0 0.53125 0.030208333333333334 0.5541666666666667 0.03229166666666667 0.571875 0.04479166666666667 0.5854166666666667 0.06041666666666667 0.5989583333333334 0.09375 0.6020833333333333 0.115625 0.5947916666666667 0.12708333333333333 0.5875 0.16979166666666667 0.571875 0.21041666666666667 0.5385416666666667 0.1875 0.515625 0.178125 0.490625 0.17604166666666668 0.46770833333333334 0.18020833333333333 0.46458333333333335 0.17708333333333334 0.471875 0.140625 0.46041666666666664 0.10104166666666667 0.4583333333333333 0.075
0 0.34791666666666665 0 0.3875 0 0.41458333333333336 0.008333333333333333 0.4322916666666667 0.028125 0.459375 0.06979166666666667 0.475 0.13645833333333332 0.47291666666666665 0.16875 0.46770833333333334 0.17916666666666667 0.43020833333333336 0.20416666666666666 0.38229166666666664 0.2125 0.3625 0.21145833333333333 0.3333333333333333 0.19791666666666666 0.31666666666666665 0.17604166666666668 0.3020833333333333 0.12604166666666666 0.3 0.084375 0.321875 0.025
0 0.140625 0.004166666666666667 0.175 0.008333333333333333 0.21666666666666667 0.021875 0.2604166666666667 0.04791666666666667 0.28229166666666666 0.07291666666666667 0.3 0.10729166666666666 0.30416666666666664 0.13854166666666667 0.29791666666666666 0.16979166666666667 0.27708333333333335 0.19270833333333334 0.23958333333333334 0.20729166666666668 0.19270833333333334 0.20416666666666666 0.175 0.19583333333333333 0.14479166666666668 0.16666666666666666 0.11458333333333333 0.15104166666666666 0.09583333333333334 0.12708333333333333 0.075 0.08125 0.078125 0.051041666666666666 0.090625 0.027083333333333334 0.10625 0.011458333333333333
0 0.996875 0.23020833333333332 1 0.23020833333333332 1 0.4 0.9885416666666667 0.4041666666666667 0.9489583333333333 0.403125 0.9166666666666666 0.3875 0.8802083333333334 0.37916666666666665 0.878125 0.36666666666666664 0.884375 0.32916666666666666 0.8739583333333333 0.30520833333333336 0.871875 0.28854166666666664 0.8833333333333333 0.25 0.909375 0.23958333333333334 0.975 0.24166666666666667
0 0.9989583333333333 0.03229166666666667 1 0.190625 0.95625 0.203125 0.9239583333333333 0.19895833333333332 0.9104166666666667 0.190625 0.9052083333333333 0.17604166666666668 0.90625 0.12395833333333334 0.9104166666666667 0.10416666666666667 0.9708333333333333 0.04895833333333333