0 0.65625 0.3347222222222222 0.6791666666666667 0.3375 0.7 0.3472222222222222 0.721875 0.36944444444444446 0.73125 0.4041666666666667 0.7333333333333333 0.4513888888888889 0.7208333333333333 0.49444444444444446 0.6979166666666666 0.5263888888888889 0.6708333333333333 0.5388888888888889 0.6416666666666667 0.5402777777777777 0.61875 0.525 0.596875 0.49583333333333335 0.5885416666666666 0.4152777777777778 0.59375 0.39166666666666666 0.6041666666666666 0.375 0.6364583333333333 0.3458333333333333
0 0.703125 0.6708333333333333 0.7479166666666667 0.6805555555555556 0.7677083333333333 0.6916666666666667 0.778125 0.7041666666666667 0.78125 0.7291666666666666 0.7729166666666667 0.8013888888888889 0.759375 0.8277777777777777 0.7135416666666666 0.8638888888888889 0.684375 0.8763888888888889 0.6583333333333333 0.8763888888888889 0.640625 0.8555555555555555 0.6239583333333333 0.8208333333333333 0.6145833333333334 0.7847222222222222 0.6166666666666667 0.7486111111111111 0.6291666666666667 0.7152777777777778 0.6489583333333333 0.6902777777777778 0.6708333333333333 0.6763888888888889
0 0.7802083333333333 0.5902777777777778 0.8072916666666666 0.5916666666666667 0.8291666666666667 0.6041666666666666 0.8489583333333334 0.6305555555555555 0.8614583333333333 0.6680555555555555 0.8604166666666667 0.6972222222222222 0.8510416666666667 0.7194444444444444 0.821875 0.7569444444444444 0.8125 0.7611111111111111 0.8104166666666667 0.7722222222222223 0.8 0.7861111111111111 0.7864583333333334 0.7958333333333333 0.7791666666666667 0.7888888888888889 0.7760416666666666 0.7083333333333334 0.7614583333333333 0.6916666666666667 0.7291666666666666 0.6708333333333333 0.73125 0.6375 0.740625 0.6152777777777778 0.7552083333333334 0.6
0 0.8270833333333333 0.49722222222222223 0.846875 0.4986111111111111 0.8635416666666667 0.5069444444444444 0.8760416666666667 0.5222222222222223 0.8864583333333333 0.5527777777777778 0.8875 0.5763888888888888 0.8822916666666667 0.6055555555555555 0.8604166666666667 0.6458333333333334 0.8479166666666667 0.6402777777777777 0.825 0.6055555555555555 0.796875 0.5958333333333333 0.7625 0.6 0.753125 0.5958333333333333 0.753125 0.5902777777777778 0.7625 0.5805555555555556 0.7791666666666667 0.5305555555555556 0.7927083333333333 0.5152777777777777
0 0.6916666666666667 0.5305555555555556 0.7083333333333334 0.5305555555555556 0.7354166666666667 0.5569444444444445 0.753125 0.5916666666666667 0.7520833333333333 0.6041666666666666 0.7364583333333333 0.6319444444444444 0.725 0.6722222222222223 0.6666666666666666 0.6791666666666667 0.6447916666666667 0.675 0.6270833333333333 0.6611111111111111 0.6145833333333334 0.6402777777777777 0.609375 0.6166666666666667 0.6114583333333333 0.5833333333333334 0.6197916666666666 0.5652777777777778 0.64375 0.5430555555555555
0 0.5572916666666666 0.6513888888888889 0.5854166666666667 0.6541666666666667 0.60625 0.6666666666666666 0.6229166666666667 0.6875 0.6322916666666667 0.7097222222222223 0.6197916666666666 0.7486111111111111 0.6125 0.7555555555555555 0.596875 0.7986111111111112 0.584375 0.8097222222222222 0.5552083333333333 0.8111111111111111 0.5385416666666667 0.8041666666666667 0.521875 0.7805555555555556 0.515625 0.7569444444444444 0.515625 0.7333333333333333 0.5375 0.6902777777777778 0.5395833333333333 0.6583333333333333
0 0.440625 0.75 0.4739583333333333 0.7527777777777778 0.48333333333333334 0.7583333333333333 0.5041666666666667 0.7833333333333333 0.5302083333333333 0.8263888888888888 0.5385416666666667 0.8444444444444444 0.540625 0.8638888888888889 0.5354166666666667 0.9194444444444444 0.49583333333333335 0.9263888888888889 0.428125 0.9236111111111112 0.40625 0.9194444444444444 0.39479166666666665 0.9027777777777778 0.384375 0.8680555555555556 0.384375 0.8527777777777777 0.39895833333333336 0.7861111111111111 0.415625 0.7625
0 0.43854166666666666 0.5861111111111111 0.475 0.5875 0.50625 0.5958333333333333 0.528125 0.6180555555555556 0.5395833333333333 0.6541666666666667 0.5395833333333333 0.6875 0.5270833333333333 0.7222222222222222 0.5125 0.7402777777777778 0.4875 0.7541666666666667 0.453125 0.7555555555555555 0.42083333333333334 0.7388888888888889 0.4010416666666667 0.7111111111111111 0.39166666666666666 0.6680555555555555 0.39895833333333336 0.6194444444444445 0.4197916666666667 0.5930555555555556
0 0.3177083333333333 0.6722222222222223 0.3541666666666667 0.6722222222222223 0.375 0.6847222222222222 0.390625 0.7027777777777777 0.40208333333333335 0.7375 0.40208333333333335 0.7847222222222222 0.38958333333333334 0.8333333333333334 0.36354166666666665 0.8888888888888888 0.34375 0.9097222222222222 0.30625 0.9013888888888889 0.27708333333333335 0.8861111111111111 0.2677083333333333 0.8694444444444445 0.24479166666666666 0.7833333333333333 0.246875 0.7611111111111111 0.2625 0.7263888888888889 0.28958333333333336 0.6902777777777778
0 0.15520833333333334 0.6222222222222222 0.190625 0.625 0.23229166666666667 0.6388888888888888 0.25 0.65 0.2604166666666667 0.6638888888888889 0.26979166666666665 0.6986111111111111 0.26875 0.7152777777777778 0.24375 0.7666666666666667 0.22395833333333334 0.7902777777777777 0.19583333333333333 0.7986111111111112 0.16458333333333333 0.7944444444444444 0.15 0.7833333333333333 0.1125 0.7277777777777777 0.10625 0.7027777777777777 0.1125 0.6638888888888889 0.13541666666666666 0.6291666666666667
0 0.240625 0.44305555555555554 0.26666666666666666 0.44305555555555554 0.28020833333333334 0.4486111111111111 0.3125 0.4791666666666667 0.3229166666666667 0.5138888888888888 0.31354166666666666 0.5472222222222223 0.28854166666666664 0.5708333333333333 0.24166666666666667 0.5888888888888889 0.20416666666666666 0.5861111111111111 0.17708333333333334 0.5694444444444444 0.17083333333333334 0.55 0.17083333333333334 0.525 0.18020833333333333 0.49166666666666664 0.21041666666666667 0.45416666666666666
0 0.3229166666666667 0.5513888888888889 0.34375 0.5527777777777778 0.359375 0.5611111111111111 0.384375 0.5875 0.39479166666666665 0.6152777777777778 0.3885416666666667 0.6583333333333333 0.3770833333333333 0.6791666666666667 0.3177083333333333 0.6791666666666667 0.27708333333333335 0.7 0.2708333333333333 0.6888888888888889 0.26458333333333334 0.6555555555555556 0.26875 0.5972222222222222 0.29791666666666666 0.5638888888888889
0 0.46875 0.4236111111111111 0.49375 0.42916666666666664 0.515625 0.4652777777777778 0.5104166666666666 0.5208333333333334 0.503125 0.5444444444444444 0.49583333333333335 0.5527777777777778 0.42604166666666665 0.5305555555555556 0.403125 0.5055555555555555 0.4 0.46805555555555556 0.40729166666666666 0.4513888888888889
0 0.5572916666666666 0.44305555555555554 0.58125 0.44583333333333336 0.5895833333333333 0.4527777777777778 0.5958333333333333 0.49444444444444446 0.6291666666666667 0.5444444444444444 0.5958333333333333 0.6097222222222223 0.5604166666666667 0.6194444444444445 0.5385416666666667 0.6125 0.5197916666666667 0.5944444444444444 0.5104166666666666 0.5375 0.5177083333333333 0.4861111111111111 0.540625 0.4527777777777778
0 0.7489583333333333 0.39861111111111114 0.7760416666666666 0.4 0.8041666666666667 0.4152777777777778 0.8197916666666667 0.43194444444444446 0.8302083333333333 0.4638888888888889 0.8260416666666667 0.49444444444444446 0.7822916666666667 0.5319444444444444 0.7635416666666667 0.5583333333333333 0.759375 0.5736111111111111 0.7520833333333333 0.5694444444444444 0.7510416666666667 0.5569444444444445 0.740625 0.5402777777777777 0.715625 0.5166666666666667 0.715625 0.5027777777777778 0.728125 0.46944444444444444 0.7322916666666667 0.4083333333333333 0.7375 0.4013888888888889
0 0.8083333333333333 0.3138888888888889 0.8229166666666666 0.31666666666666665 0.8364583333333333 0.3277777777777778 0.846875 0.3458333333333333 0.8572916666666667 0.37916666666666665 0.85625 0.42916666666666664 0.8354166666666667 0.47638888888888886 0.821875 0.45555555555555555 0.8145833333333333 0.43333333333333335 0.8 0.41805555555555557 0.7479166666666667 0.3972222222222222 0.734375 0.3972222222222222 0.73125 0.39166666666666666 0.7364583333333333 0.3680555555555556 0.759375 0.35555555555555557 0.7916666666666666 0.32222222222222224
0 0.73125 0.14583333333333334 0.7479166666666667 0.14722222222222223 0.7635416666666667 0.1638888888888889 0.778125 0.19027777777777777 0.784375 0.21944444444444444 0.784375 0.2388888888888889 0.7760416666666666 0.26805555555555555 0.7604166666666666 0.28888888888888886 0.734375 0.30277777777777776 0.6875 0.2847222222222222 0.678125 0.26805555555555555 0.6739583333333333 0.24583333333333332 0.6739583333333333 0.21944444444444444 0.6822916666666666 0.19027777777777777 0.7072916666666667 0.1597222222222222
0 0.559375 0.13333333333333333 0.5854166666666667 0.1388888888888889 0.603125 0.15694444444444444 0.6104166666666667 0.18333333333333332 0.609375 0.2013888888888889 0.6020833333333333 0.225 0.5822916666666667 0.25 0.5583333333333333 0.2652777777777778 0.53125 0.2652777777777778 0.5145833333333333 0.25416666666666665 0.50625 0.24027777777777778 0.5010416666666667 0.2222222222222222 0.5020833333333333 0.18888888888888888 0.509375 0.16944444444444445 0.5239583333333333 0.15
0 0.5541666666666667 0.29305555555555557 0.5802083333333333 0.2986111111111111 0.5947916666666667 0.3138888888888889 0.6041666666666666 0.3402777777777778 0.60625 0.37083333333333335 0.584375 0.4152777777777778 0.5802083333333333 0.4361111111111111 0.5166666666666667 0.4597222222222222 0.5 0.41944444444444445 0.49895833333333334 0.38472222222222224 0.503125 0.3541666666666667 0.51875 0.3125 0.5302083333333333 0.3013888888888889
0 0.365625 0.3875 0.3854166666666667 0.39305555555555555 0.403125 0.4166666666666667 0.40625 0.44722222222222224 0.40208333333333335 0.5 0.396875 0.5194444444444445 0.384375 0.5375 0.365625 0.5472222222222223 0.35104166666666664 0.5472222222222223 0.3385416666666667 0.5430555555555555 0.32916666666666666 0.5263888888888889 0.303125 0.45416666666666666 0.3104166666666667 0.425 0.3260416666666667 0.4027777777777778 0.34375 0.39166666666666666
0 0.14791666666666667 0.49722222222222223 0.17708333333333334 0.5013888888888889 0.17083333333333334 0.5291666666666667 0.17291666666666666 0.5638888888888889 0.20833333333333334 0.5888888888888889 0.20625 0.6236111111111111 0.20416666666666666 0.6291666666666667 0.15625 0.6277777777777778 0.121875 0.65 0.10833333333333334 0.6430555555555556 0.10104166666666667 0.6277777777777778 0.09375 0.5930555555555556 0.09375 0.5652777777777778 0.10208333333333333 0.5361111111111111 0.1125 0.5208333333333334 0.12708333333333333 0.5069444444444444
0 0.14895833333333333 0.28194444444444444 0.17916666666666667 0.28194444444444444 0.19270833333333334 0.2916666666666667 0.209375 0.3111111111111111 0.22291666666666668 0.35 0.221875 0.3763888888888889 0.21041666666666667 0.3972222222222222 0.16666666666666666 0.4236111111111111 0.14895833333333333 0.4236111111111111 0.12708333333333333 0.41388888888888886 0.115625 0.40555555555555556 0.103125 0.3819444444444444 0.103125 0.34444444444444444 0.11041666666666666 0.31666666666666665 0.12291666666666666 0.2986111111111111
0 0.2989583333333333 0.0875 0.32916666666666666 0.09166666666666666 0.3489583333333333 0.1125 0.359375 0.1375 0.35833333333333334 0.17777777777777778 0.346875 0.20694444444444443 0.3333333333333333 0.2222222222222222 0.27708333333333335 0.22916666666666666 0.2625 0.22083333333333333 0.25416666666666665 0.20833333333333334 0.24166666666666667 0.17777777777777778 0.240625 0.16111111111111112 0.2520833333333333 0.13194444444444445 0.2833333333333333 0.09583333333333334
0 0.3145833333333333 0.22361111111111112 0.3385416666666667 0.22361111111111112 0.36041666666666666 0.23194444444444445 0.37395833333333334 0.24027777777777778 0.390625 0.2611111111111111 0.3958333333333333 0.275 0.39479166666666665 0.2972222222222222 0.38645833333333335 0.3194444444444444 0.375 0.3333333333333333 0.353125 0.3458333333333333 0.31979166666666664 0.32083333333333336 0.2760416666666667 0.31666666666666665 0.26875 0.28194444444444444 0.27395833333333336 0.25555555555555554 0.28958333333333336 0.23472222222222222
0 0.45625 0.05 0.47604166666666664 0.05138888888888889 0.4947916666666667 0.06388888888888888 0.5083333333333333 0.08611111111111111 0.509375 0.12083333333333333 0.4979166666666667 0.16111111111111112 0.4822916666666667 0.18888888888888888 0.46875 0.1986111111111111 0.4427083333333333 0.2 0.4270833333333333 0.1875 0.41458333333333336 0.16805555555555557 0.41041666666666665 0.14444444444444443 0.4114583333333333 0.1111111111111111 0.42604166666666665 0.07361111111111111
0 0.46458333333333335 0.04861111111111111 0.4895833333333333 0.05694444444444444 0.5010416666666667 0.07083333333333333 0.5072916666666667 0.0875 0.509375 0.11388888888888889 0.5020833333333333 0.15 0.490625 0.1736111111111111 0.47291666666666665 0.19166666666666668 0.49166666666666664 0.2 0.5010416666666667 0.2111111111111111 0.5052083333333334 0.2361111111111111 0.515625 0.2569444444444444 0.5145833333333333 0.26666666666666666 0.5052083333333334 0.2902777777777778 0.478125 0.2777777777777778 0.459375 0.2777777777777778 0.421875 0.2986111111111111 0.409375 0.2875 0.39791666666666664 0.2861111111111111 0.3958333333333333 0.2722222222222222 0.41354166666666664 0.23055555555555557 0.42916666666666664 0.2111111111111111 0.446875 0.2013888888888889 0.44895833333333335 0.19444444444444445 0.43125 0.18888888888888888 0.41770833333333335 0.16944444444444445 0.4114583333333333 0.1486111111111111 0.4114583333333333 0.11527777777777778 0.421875 0.08333333333333333 0.434375 0.06527777777777778 0.45 0.05277777777777778
0 0.3 0.31805555555555554 0.3260416666666667 0.32222222222222224 0.3458333333333333 0.3375 0.3614583333333333 0.38055555555555554 0.32708333333333334 0.4013888888888889 0.30416666666666664 0.4375 0.29270833333333335 0.44583333333333336 0.253125 0.43333333333333335 0.23958333333333334 0.3902777777777778 0.24375 0.36666666666666664 0.278125 0.3263888888888889
0 0.4625 0.275 0.484375 0.2763888888888889 0.51875 0.30416666666666664 0.503125 0.3486111111111111 0.49166666666666664 0.40555555555555556 0.45625 0.4097222222222222 0.4114583333333333 0.37916666666666665 0.41041666666666665 0.32222222222222224 0.440625 0.2861111111111111
0 0.6052083333333333 0.24027777777777778 0.6479166666666667 0.25972222222222224 0.6635416666666667 0.28888888888888886 0.6604166666666667 0.3055555555555556 0.646875 0.33194444444444443 0.609375 0.37083333333333335 0.6010416666666667 0.3680555555555556 0.5979166666666667 0.3347222222222222 0.584375 0.3055555555555556 0.5520833333333334 0.2916666666666667 0.5666666666666667 0.2625 0.5833333333333334 0.24861111111111112
0 0.2125 0.2375 0.22916666666666666 0.2388888888888889 0.24895833333333334 0.2513888888888889 0.259375 0.2652777777777778 0.26666666666666666 0.28888888888888886 0.2677083333333333 0.33055555555555555 0.22916666666666666 0.3763888888888889 0.22395833333333334 0.3736111111111111 0.221875 0.3527777777777778 0.20729166666666668 0.31805555555555554 0.18333333333333332 0.29583333333333334 0.18020833333333333 0.2861111111111111 0.184375 0.2652777777777778