0 0.11612903225806452 0.2153392330383481 0.1435483870967742 0.2153392330383481 0.17096774193548386 0.23303834808259588 0.18548387096774194 0.2359882005899705 0.1935483870967742 0.24336283185840707 0.1935483870967742 0.2551622418879056 0.12096774193548387 0.3274336283185841 0.09838709677419355 0.336283185840708 0.0935483870967742 0.3230088495575221 0.06774193548387097 0.29793510324483774 0.054838709677419356 0.29793510324483774 0.07580645161290323 0.2374631268436578 0.08870967741935484 0.22566371681415928
0 0.25483870967741934 0.42920353982300885 0.3064516129032258 0.44542772861356933 0.33225806451612905 0.4808259587020649 0.33548387096774196 0.5176991150442478 0.3193548387096774 0.5442477876106194 0.30483870967741933 0.556047197640118 0.2564516129032258 0.551622418879056 0.22580645161290322 0.556047197640118 0.20161290322580644 0.5427728613569321 0.19032258064516128 0.5221238938053098 0.18870967741935485 0.47935103244837757 0.2032258064516129 0.4528023598820059 0.21774193548387097 0.43805309734513276
0 0.32903225806451614 0.5162241887905604 0.3467741935483871 0.523598820058997 0.36612903225806454 0.5486725663716814 0.3709677419354839 0.5796460176991151 0.36451612903225805 0.6238938053097345 0.3580645161290323 0.6342182890855457 0.34838709677419355 0.6371681415929203 0.3 0.6415929203539823 0.2806451612903226 0.6224188790560472 0.2661290322580645 0.6179941002949852 0.25161290322580643 0.5545722713864307 0.26129032258064516 0.5471976401179941 0.3032258064516129 0.5457227138643068
0 0.5177419354838709 0.5162241887905604 0.5483870967741935 0.5191740412979351 0.5758064516129032 0.5353982300884956 0.5854838709677419 0.5575221238938053 0.5854838709677419 0.5870206489675516 0.5774193548387097 0.6091445427728613 0.55 0.640117994100295 0.5306451612903226 0.6474926253687315 0.49032258064516127 0.6489675516224189 0.47419354838709676 0.6356932153392331 0.45806451612903226 0.5958702064896755 0.45645161290322583 0.5707964601769911 0.4629032258064516 0.5530973451327433 0.4838709677419355 0.528023598820059
0 0.5129032258064516 0.6873156342182891 0.5467741935483871 0.6946902654867256 0.5725806451612904 0.7094395280235988 0.5951612903225807 0.7330383480825958 0.6080645161290322 0.7920353982300885 0.6016129032258064 0.8126843657817109 0.5661290322580645 0.8185840707964602 0.5451612903225806 0.8303834808259587 0.5016129032258064 0.8303834808259587 0.48870967741935484 0.8185840707964602 0.4693548387096774 0.775811209439528 0.4661290322580645 0.7300884955752213 0.4774193548387097 0.7079646017699115 0.4935483870967742 0.6932153392330384
0 0.6064516129032258 0.8244837758112095 0.6274193548387097 0.8303834808259587 0.6419354838709678 0.8451327433628318 0.646774193548387 0.8849557522123894 0.617741935483871 0.9336283185840708 0.5870967741935483 0.9424778761061947 0.5661290322580645 0.9410029498525073 0.5209677419354839 0.8997050147492626 0.5306451612903226 0.8569321533923304 0.535483870967742 0.8466076696165191 0.5564516129032258 0.831858407079646
0 0.6209677419354839 0.6740412979351033 0.6596774193548387 0.6828908554572272 0.6806451612903226 0.7050147492625368 0.6870967741935484 0.7492625368731564 0.6806451612903226 0.7817109144542773 0.6709677419354839 0.7949852507374632 0.6193548387096774 0.8008849557522124 0.6080645161290322 0.7861356932153393 0.5967741935483871 0.7050147492625368 0.603225806451613 0.6843657817109144
0 0.8354838709677419 0.3746312684365782 0.8612903225806452 0.37610619469026546 0.8887096774193548 0.39085545722713866 0.8951612903225806 0.443952802359882 0.8435483870967742 0.5029498525073747 0.7935483870967742 0.5176991150442478 0.7693548387096775 0.49852507374631266 0.7580645161290323 0.47935103244837757 0.7548387096774194 0.443952802359882 0.7838709677419354 0.39823008849557523
0 0.8838709677419355 0.17994100294985252 0.9258064516129032 0.18289085545722714 0.9435483870967742 0.20501474926253688 0.9483870967741935 0.23156342182890854 0.9096774193548387 0.2949852507374631 0.9161290322580645 0.308259587020649 0.8580645161290322 0.3185840707964602 0.8290322580645161 0.2743362831858407 0.8241935483870968 0.2374631268436578 0.8387096774193549 0.20353982300884957 0.853225806451613 0.1902654867256637
0 0.5532258064516129 0.03392330383480826 0.5838709677419355 0.03982300884955752 0.6096774193548387 0.058997050147492625 0.617741935483871 0.10176991150442478 0.6096774193548387 0.12684365781710916 0.6 0.13716814159292035 0.5435483870967742 0.15486725663716813 0.5225806451612903 0.13864306784660768 0.5016129032258064 0.09292035398230089 0.5016129032258064 0.07817109144542773 0.5274193548387097 0.04424778761061947
0 0.6209677419354839 0.09882005899705015 0.6532258064516129 0.10914454277286136 0.6709677419354839 0.13569321533923304 0.6758064516129032 0.20058997050147492 0.6580645161290323 0.2168141592920354 0.6209677419354839 0.2182890855457227 0.6016129032258064 0.2079646017699115 0.5661290322580645 0.2079646017699115 0.5387096774193548 0.1902654867256637 0.5451612903225806 0.15339233038348082 0.5951612903225807 0.12979351032448377
0 0.7080645161290322 0.10176991150442478 0.7548387096774194 0.10766961651917405 0.785483870967742 0.13569321533923304 0.7935483870967742 0.15781710914454278 0.7935483870967742 0.18141592920353983 0.7758064516129032 0.20353982300884957 0.714516129032258 0.20943952802359883 0.6806451612903226 0.20206489675516223 0.6693548387096774 0.16224188790560473 0.6709677419354839 0.13716814159292035 0.6774193548387096 0.1224188790560472