0 0.24 0.8724373576309795 0.31666666666666665 0.8826879271070615 0.36 0.9054669703872438 0.37 0.9191343963553531 0.37 0.9738041002277904 0.37833333333333335 1 0.03166666666666667 1 0.06333333333333334 0.94874715261959 0.11333333333333333 0.9054669703872438 0.17666666666666667 0.8826879271070615
0 0.5783333333333334 0.8246013667425968 0.6283333333333333 0.8337129840546698 0.66 0.8542141230068337 0.6766666666666666 0.8724373576309795 0.68 0.89749430523918 0.6733333333333333 0.9498861047835991 0.6466666666666666 0.9988610478359908 0.38666666666666666 1 0.37 0.9760820045558086 0.36666666666666664 0.9476082004555809 0.37833333333333335 0.9100227790432802 0.405 0.8690205011389521 0.435 0.8451025056947609 0.4533333333333333 0.8382687927107062 0.49666666666666665 0.837129840546697
0 0.7416666666666667 0.785876993166287 0.77 0.7881548974943052 0.7966666666666666 0.7995444191343963 0.8366666666666667 0.806378132118451 0.885 0.7961275626423691 0.9266666666666666 0.7961275626423691 0.98 0.8416856492027335 0.9966666666666667 0.8849658314350797 0.9966666666666667 0.9202733485193622 0.9466666666666667 0.9384965831435079 0.825 0.969248291571754 0.7616666666666667 0.9920273348519362 0.745 0.9886104783599089 0.705 0.9373576309794989 0.7 0.8838268792710706 0.6916666666666667 0.8678815489749431 0.6933333333333334 0.8337129840546698 0.72 0.7972665148063781
0 0.8083333333333333 0.5694760820045558 0.89 0.5728929384965832 0.9216666666666666 0.5797266514806378 0.955 0.60250569476082 0.9766666666666667 0.6287015945330297 0.9966666666666667 0.6822323462414579 0.995 0.7232346241457859 0.975 0.7596810933940774 0.925 0.7892938496583144 0.8766666666666667 0.7915717539863326 0.83 0.7801822323462415 0.78 0.7881548974943052 0.7483333333333333 0.7813211845102506 0.7183333333333334 0.765375854214123 0.6833333333333333 0.7334851936218679 0.6683333333333333 0.7107061503416856 0.6566666666666666 0.6548974943052391 0.6833333333333333 0.6070615034168565 0.7066666666666667 0.5876993166287016 0.7383333333333333 0.5740318906605922
0 0.6083333333333333 0.6514806378132119 0.6516666666666666 0.6537585421412301 0.6716666666666666 0.7164009111617312 0.695 0.7334851936218679 0.7333333333333333 0.7790432801822323 0.7316666666666667 0.7870159453302962 0.71 0.8018223234624146 0.6433333333333333 0.8223234624145785 0.6233333333333333 0.8223234624145785 0.5966666666666667 0.8143507972665148 0.5533333333333333 0.8154897494305239 0.53 0.8109339407744874 0.4866666666666667 0.7892938496583144 0.46166666666666667 0.7574031890660592 0.4633333333333333 0.7209567198177677 0.48333333333333334 0.6913439635535308 0.5416666666666666 0.662870159453303
0 0.3883333333333333 0.7015945330296127 0.4 0.7027334851936219 0.42 0.7198177676537585 0.5066666666666667 0.8120728929384966 0.48833333333333334 0.826879271070615 0.44333333333333336 0.8428246013667426 0.3883333333333333 0.8838268792710706 0.31 0.8849658314350797 0.2816666666666667 0.8792710706150342 0.24666666666666667 0.8656036446469249 0.22 0.8473804100227791 0.19833333333333333 0.8223234624145785 0.19333333333333333 0.7801822323462415 0.20333333333333334 0.7482915717539863 0.215 0.7425968109339408 0.2833333333333333 0.7425968109339408 0.315 0.7369020501138952 0.34833333333333333 0.724373576309795
0 0.07 0.6366742596810934 0.09 0.642369020501139 0.09833333333333333 0.6697038724373576 0.12833333333333333 0.7072892938496583 0.16666666666666666 0.7266514806378133 0.19333333333333333 0.7334851936218679 0.20833333333333334 0.744874715261959 0.195 0.7904328018223234 0.16833333333333333 0.826879271070615 0.13 0.8496583143507973 0.095 0.8587699316628702 0.06333333333333334 0.8587699316628702 0.021666666666666667 0.8496583143507973 0.013333333333333334 0.837129840546697 0.005 0.7881548974943052 0 0.643507972665148
0 0.275 0.5148063781321185 0.33 0.5182232346241458 0.35833333333333334 0.5273348519362187 0.385 0.5444191343963554 0.425 0.5956719817767654 0.4266666666666667 0.6480637813211845 0.41 0.6867881548974943 0.38166666666666665 0.7095671981776766 0.35333333333333333 0.724373576309795 0.32666666666666666 0.7357630979498861 0.2866666666666667 0.744874715261959 0.22666666666666666 0.744874715261959 0.16166666666666665 0.7255125284738041 0.13333333333333333 0.7095671981776766 0.11 0.6469248291571754 0.11166666666666666 0.6161731207289294 0.13166666666666665 0.5728929384965832 0.15 0.5535307517084282 0.17833333333333334 0.5375854214123007 0.21333333333333335 0.5261958997722096
0 0.49833333333333335 0.38496583143507973 0.5483333333333333 0.38838268792710706 0.5733333333333334 0.4043280182232346 0.595 0.46697038724373574 0.6116666666666667 0.4908883826879271 0.61 0.5148063781321185 0.595 0.5364464692482915 0.5816666666666667 0.5432801822323462 0.5266666666666666 0.5535307517084282 0.49333333333333335 0.5546697038724373 0.4666666666666667 0.5649202733485194 0.44 0.5649202733485194 0.39666666666666667 0.5489749430523918 0.3333333333333333 0.5148063781321185 0.32666666666666666 0.4863325740318907 0.33 0.45671981776765375 0.3383333333333333 0.4396355353075171 0.36666666666666664 0.4168564920273349 0.4216666666666667 0.40888382687927105
0 0.7033333333333334 0.30182232346241455 0.7816666666666666 0.3097949886104784 0.8516666666666667 0.3348519362186788 0.885 0.36674259681093396 0.9016666666666666 0.40888382687927105 0.905 0.46810933940774485 0.8816666666666667 0.5113895216400911 0.855 0.5341685649202733 0.8166666666666667 0.5535307517084282 0.7616666666666667 0.5649202733485194 0.6966666666666667 0.5615034168564921 0.645 0.5353075170842825 0.5983333333333334 0.4783599088838269 0.5816666666666667 0.43621867881548976 0.5866666666666667 0.3724373576309795 0.6066666666666667 0.3416856492027335 0.6466666666666666 0.31548974943052394
0 0.40166666666666667 0.1366742596810934 0.43333333333333335 0.14009111617312073 0.4666666666666667 0.15034168564920272 0.48833333333333334 0.16400911161731208 0.5116666666666667 0.19362186788154898 0.515 0.22209567198177677 0.495 0.3678815489749431 0.4816666666666667 0.3815489749430524 0.45666666666666667 0.3929384965831435 0.4266666666666667 0.3917995444191344 0.395 0.4009111617312073 0.3383333333333333 0.39863325740318906 0.275 0.3838268792710706 0.22666666666666666 0.3416856492027335 0.21333333333333335 0.30068337129840544 0.21333333333333335 0.26765375854214124 0.23666666666666666 0.2164009111617312 0.26166666666666666 0.1867881548974943 0.34 0.14578587699316628
0 0.14833333333333334 0.31890660592255127 0.17666666666666667 0.3223234624145786 0.215 0.3359908883826879 0.2783333333333333 0.38496583143507973 0.34833333333333333 0.417995444191344 0.3233333333333333 0.46924829157175396 0.305 0.48519362186788156 0.27 0.4988610478359909 0.24166666666666667 0.5056947608200456 0.15166666666666667 0.5 0.08 0.47266514806378135 0.04666666666666667 0.44533029612756264 0.04 0.4020501138952164 0.056666666666666664 0.36104783599088835 0.08666666666666667 0.3348519362186788 0.12666666666666668 0.3211845102505695
0 0.7100000000000002 0.044798785117691635 0.7900000000000001 0.04593773728170075 0.8550000000000002 0.06643887623386475 0.8966666666666668 0.09491268033409254 0.9266666666666669 0.1279422930903568 0.9500000000000002 0.16780561883067568 0.9500000000000002 0.2281700835231586 0.9383333333333336 0.24525436598329528 0.9350000000000002 0.2634776006074411 0.8933333333333335 0.2896735003796506 0.8316666666666669 0.31017463933181466 0.7983333333333336 0.30903568716780555 0.7233333333333335 0.2965072133637053 0.6566666666666668 0.27372817008352307 0.5850000000000002 0.23272589217919507 0.5566666666666669 0.19286256643887614 0.5566666666666669 0.15527714502657547 0.5800000000000002 0.10744115413819277 0.6183333333333335 0.08352315869400143 0.6450000000000002 0.059605163249810085
0 0.5383333333333333 0 0.605 0.002277904328018223 0.6333333333333333 0.025056947608200455 0.65 0.06036446469248292 0.6433333333333333 0.07972665148063782 0.5833333333333334 0.1264236902050114 0.56 0.19020501138952164 0.5483333333333333 0.19362186788154898 0.5266666666666666 0.19134396355353075 0.49 0.15945330296127563 0.4683333333333333 0.1492027334851936 0.38166666666666665 0.13325740318906606 0.375 0.1275626423690205 0.36833333333333335 0.09453302961275627 0.37666666666666665 0.04555808656036447 0.4066666666666667 0.017084282460136675 0.43 0.009111617312072893 0.48333333333333334 0.011389521640091117
0 0.06166666666666667 0.0193621867881549 0.09 0.022779043280182234 0.12666666666666668 0.03530751708428246 0.18666666666666668 0.07517084282460136 0.21833333333333332 0.1252847380410023 0.23 0.18337129840546698 0.21833333333333332 0.2072892938496583 0.19333333333333333 0.2266514806378132 0.11166666666666666 0.22892938496583143 0.065 0.24031890660592256 0.03666666666666667 0.23804100227790434 0.015 0.24715261958997722 0.01 0.21867881548974943 0.02666666666666667 0.18223234624145787 0.03833333333333333 0.12984054669703873 0.045 0.0489749430523918 0.051666666666666666 0.025056947608200455