0 0.13333333333333333 0.7796875 0.20208333333333334 0.78125 0.23958333333333334 0.7921875 0.2625 0.821875 0.2625 0.8421875 0.2520833333333333 0.8578125 0.21875 0.878125 0.19375 0.884375 0.15625 0.884375 0.13125 0.875 0.10833333333333334 0.85 0.10208333333333333 0.8203125 0.11458333333333333 0.784375
0 0.3625 0.7515625 0.39375 0.753125 0.41875 0.76875 0.42916666666666664 0.7921875 0.42916666666666664 0.8375 0.41875 0.85 0.37916666666666665 0.865625 0.33541666666666664 0.86875 0.30833333333333335 0.8390625 0.3020833333333333 0.8015625 0.3229166666666667 0.7703125
0 0.4041666666666667 0.85 0.42291666666666666 0.85 0.45416666666666666 0.86875 0.4666666666666667 0.903125 0.46458333333333335 0.928125 0.45 0.9484375 0.43333333333333335 0.95625 0.36041666666666666 0.9625 0.3416666666666667 0.95625 0.3145833333333333 0.9296875 0.3104166666666667 0.8859375 0.32708333333333334 0.8703125 0.375 0.8625
0 0.5854166666666667 0.728125 0.6645833333333333 0.7328125 0.6875 0.7515625 0.6916666666666667 0.8078125 0.6770833333333334 0.8296875 0.6354166666666666 0.8515625 0.5958333333333333 0.853125 0.5666666666666667 0.846875 0.5458333333333333 0.834375 0.5270833333333333 0.8078125 0.5229166666666667 0.7703125 0.5395833333333333 0.740625
0 0.7333333333333333 0.6328125 0.7729166666666667 0.6375 0.80625 0.65 0.8375 0.6734375 0.8520833333333333 0.703125 0.8541666666666666 0.725 0.8416666666666667 0.75 0.8208333333333333 0.7671875 0.7875 0.78125 0.7354166666666667 0.778125 0.7 0.759375 0.6895833333333333 0.7375 0.6854166666666667 0.6828125 0.6916666666666667 0.6578125 0.7083333333333334 0.640625
0 0.7333333333333333 0.81875 0.7541666666666667 0.8234375 0.7729166666666667 0.8390625 0.7875 0.871875 0.7875 0.896875 0.7791666666666667 0.915625 0.7625 0.928125 0.7041666666666667 0.9328125 0.66875 0.8984375 0.6604166666666667 0.8765625 0.6625 0.846875 0.69375 0.8234375
0 0.6125 0.8796875 0.65 0.88125 0.6708333333333333 0.8921875 0.7 0.93125 0.6958333333333333 0.959375 0.68125 0.975 0.63125 0.9984375 0.5708333333333333 1 0.5416666666666666 0.9734375 0.5375 0.946875 0.54375 0.925 0.5604166666666667 0.9015625
0 0.47291666666666665 0.8109375 0.5333333333333333 0.815625 0.5729166666666666 0.8515625 0.5625 0.896875 0.5416666666666666 0.9265625 0.4979166666666667 0.925 0.4666666666666667 0.9046875 0.44583333333333336 0.8578125 0.44583333333333336 0.8328125 0.45416666666666666 0.8203125
0 0.05625 0.6890625 0.09166666666666666 0.690625 0.11458333333333333 0.7 0.12708333333333333 0.7171875 0.12708333333333333 0.7359375 0.11458333333333333 0.8015625 0.10208333333333333 0.825 0.075 0.840625 0.035416666666666666 0.8421875 0 0.8296875 0 0.78125 0.008333333333333333 0.7734375 0 0.70625 0.016666666666666666 0.696875
0 0.11041666666666666 0.865625 0.17083333333333334 0.890625 0.18541666666666667 0.9375 0.1625 0.95 0.10416666666666667 0.9609375 0.058333333333333334 0.959375 0.027083333333333334 0.95 0.010416666666666666 0.925 0.020833333333333332 0.8875 0.035416666666666666 0.878125 0.06666666666666667 0.8796875
0 0.26458333333333334 0.83125 0.2791666666666667 0.8375 0.2916666666666667 0.865625 0.29583333333333334 0.9015625 0.28958333333333336 0.921875 0.25416666666666665 0.9484375 0.20833333333333334 0.9484375 0.1875 0.940625 0.17708333333333334 0.928125 0.17083333333333334 0.890625 0.23541666666666666 0.8640625
0 0.2625 0.653125 0.275 0.65625 0.30416666666666664 0.6828125 0.36666666666666664 0.70625 0.37083333333333335 0.7234375 0.3625 0.746875 0.3458333333333333 0.759375 0.275 0.7734375 0.2791666666666667 0.784375 0.25416666666666665 0.7875 0.25 0.7796875 0.2604166666666667 0.771875 0.21458333333333332 0.7421875 0.20625 0.7015625 0.21875 0.6765625
0 0.3145833333333333 0.5875 0.375 0.5890625 0.4125 0.60625 0.425 0.6296875 0.42916666666666664 0.6609375 0.41875 0.6828125 0.4 0.6953125 0.3729166666666667 0.703125 0.3333333333333333 0.6984375 0.25 0.6484375 0.24583333333333332 0.6296875 0.2604166666666667 0.6109375 0.28125 0.596875
0 0.5041666666666667 0.621875 0.5375 0.628125 0.5541666666666667 0.640625 0.5625 0.6578125 0.55625 0.6984375 0.5354166666666667 0.725 0.5083333333333333 0.7375 0.43125 0.7359375 0.41458333333333336 0.721875 0.41041666666666665 0.7 0.4270833333333333 0.6546875 0.45208333333333334 0.6375
0 0.59375 0.6359375 0.625 0.6375 0.6645833333333333 0.6671875 0.6875 0.6984375 0.6854166666666667 0.7375 0.6208333333333333 0.73125 0.54375 0.734375 0.5416666666666666 0.71875 0.5604166666666667 0.68125 0.55625 0.64375
0 0.6354166666666666 0.525 0.6854166666666667 0.5296875 0.7270833333333333 0.553125 0.7354166666666667 0.56875 0.7354166666666667 0.5984375 0.7208333333333333 0.6140625 0.6895833333333333 0.6234375 0.6541666666666667 0.6234375 0.6208333333333333 0.6125 0.6083333333333333 0.6015625 0.5916666666666667 0.5625 0.6083333333333333 0.5375
0 0.4895833333333333 0.534375 0.5229166666666667 0.5359375 0.5395833333333333 0.5453125 0.5458333333333333 0.5546875 0.5395833333333333 0.596875 0.5125 0.621875 0.43125 0.6515625 0.4125 0.6078125 0.3875 0.590625 0.38958333333333334 0.5671875 0.41875 0.546875
0 0.46458333333333335 0.4359375 0.4895833333333333 0.4421875 0.5145833333333333 0.4640625 0.5208333333333334 0.4765625 0.5166666666666667 0.509375 0.5020833333333333 0.528125 0.48333333333333334 0.5375 0.4041666666666667 0.54375 0.375 0.51875 0.3770833333333333 0.484375 0.4083333333333333 0.4546875
0 0.5729166666666666 0.3609375 0.6229166666666667 0.3625 0.6333333333333333 0.36875 0.64375 0.39375 0.6354166666666666 0.440625 0.6145833333333334 0.4640625 0.575 0.4796875 0.5270833333333333 0.4796875 0.49583333333333335 0.4453125 0.5020833333333333 0.40625 0.5333333333333333 0.3734375
0 0.69375 0.4359375 0.7104166666666667 0.4359375 0.7291666666666666 0.4453125 0.75 0.471875 0.7541666666666667 0.5171875 0.7166666666666667 0.5390625 0.6583333333333333 0.5296875 0.6333333333333333 0.5078125 0.6166666666666667 0.503125 0.63125 0.4640625
0 0.8166666666666667 0.4359375 0.875 0.440625 0.9104166666666667 0.4625 0.9229166666666667 0.4875 0.9104166666666667 0.5125 0.86875 0.5265625 0.8020833333333334 0.5265625 0.7520833333333333 0.5109375 0.74375 0.4921875 0.7458333333333333 0.465625 0.7708333333333334 0.4453125
0 0.8458333333333333 0.3375 0.88125 0.3375 0.9 0.346875 0.90625 0.3609375 0.9020833333333333 0.396875 0.8729166666666667 0.4421875 0.7875 0.4421875 0.7645833333333333 0.4078125 0.7729166666666667 0.3609375 0.7895833333333333 0.3484375
0 0.7875 0.2484375 0.7979166666666667 0.2484375 0.83125 0.2734375 0.85 0.3 0.85 0.31875 0.8333333333333334 0.34375 0.7854166666666667 0.35 0.7604166666666666 0.36875 0.7291666666666666 0.3375 0.6833333333333333 0.3140625 0.7104166666666667 0.290625
0 0.41041666666666665 0.3109375 0.4395833333333333 0.3109375 0.47708333333333336 0.3234375 0.49166666666666664 0.35625 0.49166666666666664 0.3875 0.48125 0.403125 0.43333333333333335 0.4203125 0.35833333333333334 0.4109375 0.3333333333333333 0.396875 0.325 0.384375 0.33958333333333335 0.346875 0.3729166666666667 0.3234375
0 0.26875 0.309375 0.3020833333333333 0.3109375 0.32916666666666666 0.328125 0.3375 0.35 0.32916666666666666 0.3828125 0.3416666666666667 0.4046875 0.30416666666666664 0.428125 0.2375 0.43125 0.19583333333333333 0.415625 0.18541666666666667 0.403125 0.18333333333333332 0.3828125 0.21666666666666667 0.3375
0 0.23541666666666666 0.484375 0.3 0.49375 0.3458333333333333 0.5203125 0.35833333333333334 0.55625 0.3416666666666667 0.5765625 0.3125 0.5828125 0.24166666666666667 0.5828125 0.18958333333333333 0.5671875 0.18125 0.546875 0.18541666666666667 0.5109375 0.20416666666666666 0.49375
0 0.15208333333333332 0.5453125 0.17916666666666667 0.5453125 0.21875 0.5875 0.2125 0.6296875 0.19791666666666666 0.646875 0.16875 0.6640625 0.13958333333333334 0.6625 0.1125 0.6515625 0.08333333333333333 0.609375 0.09791666666666667 0.5734375 0.12708333333333333 0.553125
0 0.052083333333333336 0.465625 0.1 0.475 0.12708333333333333 0.5015625 0.12708333333333333 0.55625 0.08125 0.5859375 0.04791666666666667 0.5859375 0.016666666666666666 0.578125 0 0.5640625 0.004166666666666667 0.4890625
0 0.225 0.1953125 0.25 0.1953125 0.27708333333333335 0.2046875 0.3229166666666667 0.2359375 0.3416666666666667 0.265625 0.3416666666666667 0.28125 0.32083333333333336 0.3015625 0.2604166666666667 0.30625 0.21458333333333332 0.290625 0.19583333333333333 0.2578125 0.19375 0.2359375 0.21041666666666667 0.20625
0 0.11458333333333333 0.39375 0.14375 0.396875 0.15833333333333333 0.4046875 0.16041666666666668 0.45 0.175 0.4953125 0.125 0.4984375 0.05625 0.45625 0.0625 0.415625 0.05 0.403125
0 0.075 0.2484375 0.15416666666666667 0.275 0.16666666666666666 0.296875 0.16041666666666668 0.3140625 0.13333333333333333 0.325 0.10208333333333333 0.3515625 0.06875 0.3484375 0.04791666666666667 0.3390625 0.022916666666666665 0.3015625 0.03125 0.2703125 0.052083333333333336 0.253125
0 0.225 0.2984375 0.26458333333333334 0.303125 0.2625 0.315625 0.21666666666666667 0.3421875 0.19166666666666668 0.3765625 0.15416666666666667 0.4046875 0.1375 0.4 0.11041666666666666 0.3796875 0.11041666666666666 0.3484375 0.12083333333333333 0.33125 0.16041666666666668 0.3078125 0.20625 0.309375
0 0.33958333333333335 0.40625 0.43333333333333335 0.4203125 0.45 0.428125 0.44375 0.4421875 0.4 0.4640625 0.37916666666666665 0.4890625 0.37916666666666665 0.5234375 0.40625 0.54375 0.39375 0.559375 0.35625 0.546875 0.3458333333333333 0.515625 0.28125 0.4921875 0.29791666666666666 0.43125
0 0.075 0.6046875 0.08958333333333333 0.6125 0.1125 0.6484375 0.16041666666666668 0.6703125 0.15 0.6953125 0.13958333333333334 0.7015625 0.04375 0.6890625 0.035416666666666666 0.6546875 0.05 0.628125
0 0.3333333333333333 0.0734375 0.35833333333333334 0.075 0.3958333333333333 0.0953125 0.4083333333333333 0.1484375 0.3958333333333333 0.1828125 0.38333333333333336 0.19375 0.3145833333333333 0.209375 0.3020833333333333 0.1875 0.2833333333333333 0.1109375 0.29375 0.0875
0 0.16458333333333333 0.13125 0.20208333333333334 0.1375 0.23333333333333334 0.1703125 0.23125 0.190625 0.2 0.234375 0.18333333333333332 0.2453125 0.15 0.2421875 0.13333333333333333 0.2296875 0.11458333333333333 0.1890625 0.12291666666666666 0.1515625 0.1375 0.1390625
0 0.14375 0 0.23125 0 0.25 0.021875 0.25416666666666665 0.0640625 0.20208333333333334 0.0828125 0.1625 0.071875 0.14583333333333334 0.059375 0.1375 0.040625