0 0.5083333333333333 0.025 0.53125 0.025 0.54375 0.03888888888888889 0.575 0.1 0.575 0.14444444444444443 0.5625 0.19166666666666668 0.55 0.2111111111111111 0.525 0.2222222222222222 0.50625 0.2222222222222222 0.49166666666666664 0.20555555555555555 0.46875 0.13055555555555556 0.4708333333333333 0.08055555555555556
0 0.6520833333333333 0.13333333333333333 0.6958333333333333 0.14166666666666666 0.7291666666666666 0.175 0.7354166666666667 0.225 0.7208333333333333 0.25277777777777777 0.68125 0.275 0.6541666666666667 0.275 0.61875 0.24444444444444444 0.6125 0.23055555555555557 0.6166666666666667 0.1638888888888889
0 0.5770833333333333 0.1361111111111111 0.6208333333333333 0.16111111111111112 0.6166666666666667 0.2222222222222222 0.58125 0.275 0.53125 0.2777777777777778 0.5083333333333333 0.25277777777777777 0.5125 0.225 0.5541666666666667 0.2
0 0.46041666666666664 0 0.5083333333333333 0 0.5125 0.008333333333333333 0.5125 0.03611111111111111 0.49166666666666664 0.05 0.475 0.08333333333333333 0.46875 0.15833333333333333 0.46041666666666664 0.1527777777777778 0.4625 0.125 0.4270833333333333 0.10277777777777777 0.41041666666666665 0.058333333333333334 0.425 0.016666666666666666
0 0.5020833333333333 0.25555555555555554 0.5208333333333334 0.25833333333333336 0.5375 0.275 0.5770833333333333 0.28055555555555556 0.5791666666666667 0.32222222222222224 0.5604166666666667 0.36944444444444446 0.5229166666666667 0.3888888888888889 0.50625 0.3888888888888889 0.49166666666666664 0.375 0.48125 0.34444444444444444 0.48125 0.30277777777777776
0 0.6395833333333333 0.3888888888888889 0.6645833333333333 0.3972222222222222 0.6895833333333333 0.4305555555555556 0.69375 0.49166666666666664 0.68125 0.55 0.65625 0.5722222222222222 0.6333333333333333 0.5777777777777777 0.5916666666666667 0.5333333333333333 0.5833333333333334 0.48055555555555557 0.59375 0.41388888888888886
0 0.69375 0.4361111111111111 0.7416666666666667 0.4444444444444444 0.78125 0.48333333333333334 0.78125 0.5305555555555556 0.7645833333333333 0.5722222222222222 0.7125 0.5777777777777777 0.68125 0.5472222222222223
0 0.6770833333333334 0.5472222222222223 0.69375 0.5527777777777778 0.7104166666666667 0.575 0.73125 0.6444444444444445 0.7270833333333333 0.6833333333333333 0.6979166666666666 0.725 0.6770833333333334 0.725 0.6291666666666667 0.6861111111111111 0.6291666666666667 0.5694444444444444 0.6583333333333333 0.5666666666666667
0 0.5770833333333333 0.5444444444444444 0.6166666666666667 0.5583333333333333 0.6354166666666666 0.5972222222222222 0.6354166666666666 0.6611111111111111 0.6104166666666667 0.7027777777777777 0.5708333333333333 0.6916666666666667 0.5375 0.6305555555555555 0.5458333333333333 0.5722222222222222
0 0.5291666666666667 0.6333333333333333 0.5416666666666666 0.6361111111111111 0.5791666666666667 0.6972222222222222 0.6083333333333333 0.7027777777777777 0.6270833333333333 0.6861111111111111 0.625 0.7166666666666667 0.6020833333333333 0.7583333333333333 0.5708333333333333 0.7666666666666667 0.5541666666666667 0.75 0.5291666666666667 0.6861111111111111
0 0.37083333333333335 0.55 0.4125 0.5638888888888889 0.4354166666666667 0.6083333333333333 0.43333333333333335 0.6611111111111111 0.39375 0.7055555555555556 0.35625 0.7027777777777777 0.3229166666666667 0.6583333333333333 0.32708333333333334 0.5944444444444444 0.34375 0.5666666666666667
0 0.47291666666666665 0.5777777777777777 0.49583333333333335 0.5777777777777777 0.53125 0.6111111111111112 0.5229166666666667 0.7027777777777777 0.5125 0.725 0.49166666666666664 0.7361111111111112 0.4583333333333333 0.7194444444444444 0.43125 0.6638888888888889 0.4354166666666667 0.6083333333333333
0 0.42916666666666664 0.6722222222222223 0.48541666666666666 0.7472222222222222 0.49583333333333335 0.8277777777777777 0.48333333333333334 0.8472222222222222 0.44583333333333336 0.8527777777777777 0.4125 0.8333333333333334 0.38958333333333334 0.7833333333333333 0.39791666666666664 0.7194444444444444
0 0.35208333333333336 0.7638888888888888 0.3875 0.7722222222222223 0.4125 0.8416666666666667 0.40208333333333335 0.9055555555555556 0.375 0.9333333333333333 0.3416666666666667 0.9388888888888889 0.31875 0.9 0.30625 0.8333333333333334 0.31875 0.7888888888888889
0 0.475 0.85 0.51875 0.8527777777777777 0.5395833333333333 0.9166666666666666 0.5333333333333333 0.9527777777777777 0.5041666666666667 0.9972222222222222 0.47708333333333336 0.9916666666666667 0.4479166666666667 0.9305555555555556 0.45416666666666666 0.8611111111111112
0 0.55 0.775 0.5895833333333333 0.7944444444444444 0.6020833333333333 0.8277777777777777 0.6041666666666666 0.8722222222222222 0.5916666666666667 0.9083333333333333 0.5729166666666666 0.9277777777777778 0.5375 0.9194444444444444 0.5229166666666667 0.8805555555555555 0.525 0.8055555555555556
0 0.6479166666666667 0.7444444444444445 0.6708333333333333 0.7583333333333333 0.68125 0.8388888888888889 0.66875 0.8916666666666667 0.6395833333333333 0.9083333333333333 0.60625 0.8777777777777778 0.59375 0.8027777777777778 0.6208333333333333 0.8083333333333333 0.63125 0.8
0 0.6291666666666667 0.6916666666666667 0.65625 0.7527777777777778 0.6541666666666667 0.7777777777777778 0.63125 0.8111111111111111 0.60625 0.8166666666666667 0.5833333333333334 0.7916666666666666 0.5354166666666667 0.7694444444444445 0.54375 0.7472222222222222 0.5666666666666667 0.7666666666666667 0.59375 0.7638888888888888
0 0.31666666666666665 0.6666666666666666 0.33125 0.6666666666666666 0.35208333333333336 0.6972222222222222 0.39791666666666664 0.7027777777777777 0.4 0.7111111111111111 0.3875 0.7305555555555555 0.38333333333333336 0.7722222222222223 0.3541666666666667 0.7722222222222223 0.30833333333333335 0.8055555555555556 0.3020833333333333 0.725
0 0.30416666666666664 0.35833333333333334 0.33958333333333335 0.36666666666666664 0.36041666666666666 0.4027777777777778 0.36041666666666666 0.4527777777777778 0.3416666666666667 0.49166666666666664 0.3104166666666667 0.4888888888888889 0.2708333333333333 0.44722222222222224 0.2708333333333333 0.39166666666666666 0.2875 0.3638888888888889
0 0.5104166666666666 0.4 0.54375 0.4111111111111111 0.5708333333333333 0.44722222222222224 0.5770833333333333 0.5 0.5520833333333334 0.5333333333333333 0.49375 0.5333333333333333 0.4625 0.49166666666666664 0.46875 0.43333333333333335 0.4875 0.4083333333333333
0 0.46875 0.3972222222222222 0.4875 0.4027777777777778 0.46875 0.44166666666666665 0.4666666666666667 0.49166666666666664 0.49166666666666664 0.5361111111111111 0.44583333333333336 0.5444444444444444 0.43125 0.5055555555555555 0.42916666666666664 0.45555555555555555 0.44166666666666665 0.41944444444444445
0 0.3645833333333333 0.41388888888888886 0.42916666666666664 0.44166666666666665 0.4354166666666667 0.475 0.43125 0.525 0.3958333333333333 0.5333333333333333 0.35625 0.5222222222222223 0.34375 0.48055555555555557
0 0.275 0.45555555555555555 0.3125 0.4861111111111111 0.3458333333333333 0.49166666666666664 0.35208333333333336 0.5611111111111111 0.3333333333333333 0.5916666666666667 0.30416666666666664 0.5972222222222222 0.2625 0.5444444444444444 0.25625 0.49722222222222223
0 0.8125 0.7111111111111111 0.825 0.7111111111111111 0.84375 0.7388888888888889 0.8708333333333333 0.7527777777777778 0.8583333333333333 0.7666666666666667 0.8479166666666667 0.8222222222222222 0.8270833333333333 0.8416666666666667 0.79375 0.8166666666666667 0.7833333333333333 0.7777777777777778 0.7854166666666667 0.7333333333333333
0 0.8479166666666667 0.6388888888888888 0.8791666666666667 0.65 0.89375 0.6805555555555556 0.8895833333333333 0.7361111111111112 0.86875 0.7555555555555555 0.8479166666666667 0.7527777777777778 0.81875 0.7055555555555556 0.8229166666666666 0.6555555555555556
0 0.125 0.3527777777777778 0.15625 0.35833333333333334 0.17083333333333334 0.37777777777777777 0.17083333333333334 0.41944444444444445 0.15416666666666667 0.4527777777777778 0.12291666666666666 0.44722222222222224 0.10833333333333334 0.41388888888888886 0.11041666666666666 0.375
0 0.11041666666666666 0.4222222222222222 0.13541666666666666 0.4527777777777778 0.16041666666666668 0.44722222222222224 0.15833333333333333 0.48055555555555557 0.13958333333333334 0.5083333333333333 0.12291666666666666 0.5083333333333333 0.11041666666666666 0.49166666666666664 0.10416666666666667 0.45555555555555555
0 0.20625 0.41944444444444445 0.23541666666666666 0.4361111111111111 0.24166666666666667 0.4888888888888889 0.18333333333333332 0.49444444444444446 0.16666666666666666 0.48055555555555557 0.17083333333333334 0.4361111111111111
0 0.23958333333333334 0.35555555555555557 0.25625 0.35833333333333334 0.2604166666666667 0.38055555555555554 0.25625 0.41944444444444445 0.23125 0.43333333333333335 0.2125 0.4166666666666667 0.2125 0.38055555555555554 0.20416666666666666 0.36666666666666664