0 0.21237113402061855 0.7427083333333333 0.27010309278350514 0.7447916666666666 0.31958762886597936 0.75625 0.35876288659793815 0.778125 0.3835051546391753 0.809375 0.38969072164948454 0.8552083333333333 0.37731958762886597 0.8875 0.35051546391752575 0.9114583333333334 0.2907216494845361 0.9375 0.20412371134020618 0.9322916666666666 0.15670103092783505 0.9197916666666667 0.12371134020618557 0.9020833333333333 0.06804123711340206 0.84375 0.06804123711340206 0.8135416666666667 0.09690721649484536 0.7822916666666667 0.14845360824742268 0.7552083333333334
0 0.2 0.640625 0.2639175257731959 0.64375 0.30927835051546393 0.653125 0.334020618556701 0.6666666666666666 0.3525773195876289 0.6958333333333333 0.3443298969072165 0.7270833333333333 0.30721649484536084 0.7510416666666667 0.20412371134020618 0.7458333333333333 0.15463917525773196 0.7552083333333334 0.13814432989690723 0.7625 0.1134020618556701 0.7635416666666667 0.07835051546391752 0.75 0.049484536082474224 0.7229166666666667 0.04742268041237113 0.7052083333333333 0.05979381443298969 0.6822916666666666 0.07835051546391752 0.6666666666666666 0.10721649484536082 0.653125
0 0.19381443298969073 0.5385416666666667 0.2329896907216495 0.5395833333333333 0.27422680412371137 0.5489583333333333 0.30721649484536084 0.56875 0.31752577319587627 0.6104166666666667 0.30721649484536084 0.6270833333333333 0.2824742268041237 0.640625 0.13814432989690723 0.6375 0.09896907216494845 0.6229166666666667 0.07422680412371134 0.5979166666666667 0.06804123711340206 0.5760416666666667 0.09690721649484536 0.55 0.15463917525773196 0.5395833333333333
0 0.7443298969072165 0.7260416666666667 0.8164948453608247 0.7270833333333333 0.8701030927835052 0.7364583333333333 0.9175257731958762 0.7583333333333333 0.9463917525773196 0.7854166666666667 0.9505154639175257 0.8166666666666667 0.9237113402061856 0.8510416666666667 0.8886597938144329 0.8729166666666667 0.845360824742268 0.8864583333333333 0.797938144329897 0.890625 0.7608247422680412 0.8822916666666667 0.7319587628865979 0.8614583333333333 0.711340206185567 0.8572916666666667 0.6515463917525773 0.8020833333333334 0.6453608247422681 0.775 0.6639175257731958 0.7427083333333333 0.6927835051546392 0.7302083333333333
0 0.4020618556701031 0.73125 0.4556701030927835 0.7333333333333333 0.4927835051546392 0.7427083333333333 0.51340206185567 0.753125 0.5298969072164949 0.7708333333333334 0.5319587628865979 0.8020833333333334 0.511340206185567 0.8385416666666666 0.4824742268041237 0.8645833333333334 0.4329896907216495 0.8885416666666667 0.38144329896907214 0.896875 0.3752577319587629 0.8864583333333333 0.38556701030927837 0.8625 0.38556701030927837 0.8208333333333333 0.3711340206185567 0.790625 0.33814432989690724 0.7583333333333333 0.35670103092783506 0.7416666666666667
0 0.4268041237113402 0.609375 0.49690721649484537 0.6197916666666666 0.5298969072164949 0.6322916666666667 0.5484536082474227 0.6635416666666667 0.5422680412371134 0.6864583333333333 0.51340206185567 0.7125 0.47216494845360824 0.7291666666666666 0.3628865979381443 0.7291666666666666 0.3525773195876289 0.7229166666666667 0.35670103092783506 0.7083333333333334 0.34845360824742266 0.6822916666666666 0.32577319587628867 0.659375 0.32577319587628867 0.634375 0.354639175257732 0.6197916666666666 0.3917525773195876 0.6177083333333333
0 0.3731958762886598 0.4895833333333333 0.41030927835051545 0.4895833333333333 0.4556701030927835 0.5 0.47835051546391755 0.5166666666666667 0.488659793814433 0.5385416666666667 0.4845360824742268 0.5541666666666667 0.45979381443298967 0.5854166666666667 0.4247422680412371 0.6072916666666667 0.3958762886597938 0.6145833333333334 0.36082474226804123 0.6104166666666667 0.32989690721649484 0.5822916666666667 0.2907216494845361 0.5583333333333333 0.2804123711340206 0.5364583333333334 0.2865979381443299 0.51875 0.30103092783505153 0.5072916666666667 0.3422680412371134 0.49270833333333336
0 0.008247422680412371 0.3333333333333333 0.06597938144329897 0.3375 0.10309278350515463 0.353125 0.12371134020618557 0.37395833333333334 0.12577319587628866 0.39895833333333336 0.11958762886597939 0.41458333333333336 0.09072164948453608 0.43020833333333336 0.0865979381443299 0.4427083333333333 0.07216494845360824 0.45416666666666666 0.032989690721649485 0.471875 0 0.47604166666666664 0 0.33541666666666664
0 0.7030927835051546 0.5260416666666666 0.7216494845360825 0.5260416666666666 0.734020618556701 0.53125 0.7731958762886598 0.5708333333333333 0.7793814432989691 0.5979166666666667 0.7649484536082474 0.6291666666666667 0.7298969072164948 0.65 0.6989690721649484 0.65625 0.6556701030927835 0.6520833333333333 0.622680412371134 0.6427083333333333 0.5917525773195876 0.6447916666666667 0.5649484536082474 0.6260416666666667 0.5505154639175258 0.6020833333333333 0.5525773195876289 0.5822916666666667 0.5628865979381443 0.5697916666666667 0.5773195876288659 0.5572916666666666 0.6123711340206186 0.5427083333333333
0 0.8639175257731959 0.5270833333333333 0.9175257731958762 0.5291666666666667 0.9484536082474226 0.5385416666666667 0.9649484536082474 0.5489583333333333 0.9958762886597938 0.5875 0.9855670103092784 0.6447916666666667 0.9752577319587629 0.6604166666666667 0.8742268041237113 0.678125 0.8474226804123711 0.6864583333333333 0.8247422680412371 0.6875 0.8123711340206186 0.671875 0.7896907216494845 0.6645833333333333 0.7628865979381443 0.646875 0.7793814432989691 0.603125 0.7711340206185567 0.5583333333333333 0.8020618556701031 0.5395833333333333
0 0.32783505154639175 0.39895833333333336 0.3670103092783505 0.4 0.4309278350515464 0.41354166666666664 0.4536082474226804 0.43020833333333336 0.4577319587628866 0.4479166666666667 0.43917525773195876 0.4708333333333333 0.4144329896907217 0.484375 0.3463917525773196 0.490625 0.28865979381443296 0.5104166666666666 0.2536082474226804 0.49375 0.24742268041237114 0.484375 0.24123711340206186 0.43645833333333334 0.28865979381443296 0.4083333333333333
0 0.38556701030927837 0.31145833333333334 0.4639175257731959 0.321875 0.5051546391752577 0.33958333333333335 0.5195876288659794 0.35625 0.5195876288659794 0.38125 0.511340206185567 0.390625 0.4845360824742268 0.40208333333333335 0.44536082474226807 0.40625 0.3979381443298969 0.40520833333333334 0.36082474226804123 0.39895833333333336 0.334020618556701 0.384375 0.31958762886597936 0.365625 0.32577319587628867 0.3333333333333333 0.3463917525773196 0.32083333333333336
0 0.2721649484536082 0.240625 0.29896907216494845 0.24166666666666667 0.3402061855670103 0.2520833333333333 0.3670103092783505 0.26458333333333334 0.38556701030927837 0.28229166666666666 0.38144329896907214 0.30625 0.31752577319587627 0.334375 0.2804123711340206 0.34375 0.2639175257731959 0.34270833333333334 0.18969072164948453 0.3177083333333333 0.20412371134020618 0.2625 0.2288659793814433 0.24791666666666667
0 0.17525773195876287 0.3229166666666667 0.21855670103092784 0.32708333333333334 0.2515463917525773 0.33645833333333336 0.2824742268041237 0.359375 0.2865979381443299 0.40208333333333335 0.26597938144329897 0.41770833333333335 0.24948453608247423 0.42291666666666666 0.21030927835051547 0.425 0.13195876288659794 0.4041666666666667 0.12783505154639174 0.38229166666666664 0.10103092783505155 0.340625
0 0.12783505154639174 0.4114583333333333 0.20824742268041238 0.425 0.23711340206185566 0.440625 0.24742268041237114 0.4552083333333333 0.24742268041237114 0.4708333333333333 0.2288659793814433 0.4895833333333333 0.1360824742268041 0.5072916666666667 0.12577319587628866 0.5072916666666667 0.10721649484536082 0.4895833333333333 0.05360824742268041 0.46875 0.06597938144329897 0.453125 0.0865979381443299 0.4427083333333333 0.09690721649484536 0.4239583333333333
0 0.33814432989690724 0.06354166666666666 0.4020618556701031 0.06666666666666667 0.4247422680412371 0.075 0.4515463917525773 0.09375 0.4577319587628866 0.12916666666666668 0.4350515463917526 0.153125 0.4329896907216495 0.17604166666666668 0.3752577319587629 0.16458333333333333 0.33608247422680415 0.16458333333333333 0.2948453608247423 0.17291666666666666 0.26804123711340205 0.190625 0.24948453608247423 0.15729166666666666 0.2329896907216495 0.14479166666666668 0.2329896907216495 0.10729166666666666 0.26597938144329897 0.08020833333333334 0.30927835051546393 0.06666666666666667
0 0.07216494845360824 0.21770833333333334 0.1154639175257732 0.21770833333333334 0.1463917525773196 0.22395833333333334 0.177319587628866 0.23854166666666668 0.1979381443298969 0.259375 0.1958762886597938 0.3020833333333333 0.1711340206185567 0.32083333333333336 0.12783505154639174 0.3302083333333333 0.10515463917525773 0.3260416666666667 0.09690721649484536 0.31354166666666666 0.08247422680412371 0.30833333333333335 0.0577319587628866 0.309375 0.030927835051546393 0.31666666666666665 0.018556701030927835 0.3302083333333333 0.002061855670103093 0.3020833333333333 0 0.24375 0.030927835051546393 0.22708333333333333
0 0.7298969072164948 0.26875 0.7690721649484537 0.26875 0.8041237113402062 0.275 0.8597938144329897 0.3020833333333333 0.8742268041237113 0.321875 0.8680412371134021 0.34479166666666666 0.8474226804123711 0.36770833333333336 0.8144329896907216 0.38333333333333336 0.7587628865979381 0.390625 0.711340206185567 0.38645833333333335 0.6948453608247422 0.37916666666666665 0.6701030927835051 0.34270833333333334 0.6659793814432989 0.3125 0.6742268041237114 0.28958333333333336 0.6948453608247422 0.2760416666666667