0 0.8583333333333333 0.609375 0.91875 0.6125 0.9625 0.6421875 1 0.7046875 0.9979166666666667 0.775 0.9791666666666666 0.8046875 0.9395833333333333 0.8375 0.8770833333333333 0.8546875 0.8041666666666667 0.853125 0.7395833333333334 0.828125 0.7020833333333333 0.8 0.6708333333333333 0.7484375 0.66875 0.709375 0.68125 0.66875 0.7166666666666667 0.64375 0.7625 0.628125
0 0.6958333333333333 0.8078125 0.7083333333333334 0.8078125 0.7833333333333333 0.846875 0.8166666666666667 0.875 0.8291666666666667 0.9296875 0.8291666666666667 0.975 0.8208333333333333 1 0.6895833333333333 1 0.5895833333333333 0.921875 0.58125 0.88125 0.5979166666666667 0.8390625 0.6416666666666667 0.8234375 0.6770833333333334 0.8203125
0 0.41458333333333336 0.765625 0.45625 0.7703125 0.5 0.796875 0.5229166666666667 0.83125 0.5333333333333333 0.8765625 0.5270833333333333 0.91875 0.4979166666666667 0.9515625 0.46875 0.96875 0.40208333333333335 0.978125 0.3625 0.9703125 0.3375 0.9546875 0.3125 0.9203125 0.3020833333333333 0.875 0.3104166666666667 0.8421875 0.3333333333333333 0.8078125 0.3645833333333333 0.7796875
0 0.53125 0.915625 0.5958333333333333 0.9359375 0.6229166666666667 0.9609375 0.6270833333333333 0.98125 0.6395833333333333 0.9875 0.6208333333333333 0.9875 0.61875 1 0.50625 1 0.4979166666666667 0.9953125 0.38958333333333334 1 0.37916666666666665 0.984375 0.33958333333333335 0.975 0.3145833333333333 0.95 0.3145833333333333 0.9453125 0.32916666666666666 0.946875 0.33541666666666664 0.95625 0.36666666666666664 0.9703125 0.43125 0.9734375 0.46458333333333335 0.9640625
0 0.12916666666666668 0.8890625 0.18125 0.8921875 0.23125 0.91875 0.25416666666666665 0.95625 0.24375 0.9984375 0.15 1 0.13125 0.99375 0.09375 1 0.008333333333333333 1 0 0.9921875 0 0.9125 0.06875 0.8953125
0 0.24791666666666667 0.4578125 0.3020833333333333 0.459375 0.35833333333333334 0.4796875 0.3854166666666667 0.503125 0.4083333333333333 0.5390625 0.41875 0.5734375 0.41458333333333336 0.6125 0.39166666666666666 0.6390625 0.34375 0.6609375 0.29791666666666666 0.66875 0.22916666666666666 0.6625 0.10416666666666667 0.625 0.075 0.60625 0.07916666666666666 0.5640625 0.125 0.503125 0.18541666666666667 0.4703125
0 0.1375 0.6390625 0.1625 0.640625 0.21458333333333332 0.6609375 0.2520833333333333 0.6671875 0.35625 0.6578125 0.38125 0.721875 0.35625 0.7671875 0.32708333333333334 0.79375 0.2625 0.8234375 0.17291666666666666 0.8234375 0.125 0.8171875 0.08125 0.7953125 0.058333333333333334 0.76875 0.05 0.7171875 0.08541666666666667 0.66875
0 0.5416666666666666 0.484375 0.5895833333333333 0.4890625 0.6354166666666666 0.5171875 0.6541666666666667 0.5515625 0.6520833333333333 0.6015625 0.6291666666666667 0.65 0.59375 0.68125 0.5291666666666667 0.7109375 0.47708333333333336 0.7125 0.4395833333333333 0.6984375 0.4041666666666667 0.6578125 0.4 0.6296875 0.4125 0.6078125 0.41875 0.5453125 0.44583333333333336 0.5171875 0.47708333333333336 0.5
0 0.7125 0.49375 0.7770833333333333 0.4984375 0.8270833333333333 0.5140625 0.8916666666666667 0.559375 0.9229166666666667 0.5953125 0.925 0.6125 0.83125 0.615625 0.7395833333333334 0.6375 0.6979166666666666 0.6546875 0.6666666666666666 0.6421875 0.64375 0.6421875 0.6395833333333333 0.625 0.6520833333333333 0.5859375 0.6520833333333333 0.5328125 0.6854166666666667 0.5015625
0 0.9791666666666666 0.4234375 1 0.4234375 1 0.7046875 0.9895833333333334 0.678125 0.9291666666666667 0.61875 0.8958333333333334 0.5609375 0.875 0.54375 0.8833333333333333 0.5390625 0.8770833333333333 0.4875 0.89375 0.4515625 0.9229166666666667 0.434375
0 0.7770833333333333 0.275 0.8354166666666667 0.2828125 0.8854166666666666 0.3125 0.9020833333333333 0.34375 0.9020833333333333 0.3796875 0.8875 0.403125 0.8479166666666667 0.4265625 0.8020833333333334 0.4390625 0.7583333333333333 0.4421875 0.7083333333333334 0.4328125 0.68125 0.41875 0.6604166666666667 0.3921875 0.6583333333333333 0.365625 0.6666666666666666 0.3328125 0.6895833333333333 0.30625 0.7333333333333333 0.2828125
0 0.46041666666666664 0.3078125 0.5125 0.309375 0.54375 0.321875 0.5708333333333333 0.35 0.5770833333333333 0.3828125 0.5541666666666667 0.4375 0.51875 0.478125 0.49583333333333335 0.49375 0.4395833333333333 0.5078125 0.4083333333333333 0.5015625 0.37916666666666665 0.484375 0.30625 0.4625 0.29791666666666666 0.4546875 0.29375 0.409375 0.3104166666666667 0.3734375 0.3416666666666667 0.346875 0.39166666666666666 0.3234375
0 0.06041666666666667 0.0296875 0.12083333333333333 0.0359375 0.13958333333333334 0.05625 0.15833333333333333 0.053125 0.1875 0.0625 0.23541666666666666 0.1 0.2520833333333333 0.1296875 0.25833333333333336 0.1703125 0.24791666666666667 0.2265625 0.21666666666666667 0.26875 0.175 0.3 0.09583333333333334 0.3078125 0.05416666666666667 0.2984375 0.022916666666666665 0.2796875 0 0.246875 0 0.0515625
0 0.26666666666666666 0.1484375 0.32708333333333334 0.1671875 0.35625 0.16875 0.38958333333333334 0.1890625 0.43125 0.240625 0.43125 0.2734375 0.41875 0.2890625 0.38125 0.303125 0.30625 0.2921875 0.20208333333333334 0.2921875 0.24583333333333332 0.2296875
0 0.44583333333333336 0 0.6145833333333334 0 0.6375 0.028125 0.6520833333333333 0.0796875 0.64375 0.125 0.6104166666666667 0.171875 0.56875 0.1984375 0.47708333333333336 0.20625 0.42916666666666664 0.18125 0.41041666666666665 0.1546875 0.39791666666666664 0.1203125 0.3958333333333333 0.075 0.41041666666666665 0.040625
0 0.98125 0.0625 1 0.0625 1 0.23125 0.9541666666666667 0.2390625 0.8833333333333333 0.234375 0.8625 0.2234375 0.8333333333333334 0.1890625 0.8270833333333333 0.146875 0.8520833333333333 0.115625 0.8958333333333334 0.0859375 0.93125 0.071875
0 0.7458333333333333 0.1328125 0.7895833333333333 0.1375 0.8229166666666666 0.153125 0.84375 0.2046875 0.8458333333333333 0.2484375 0.8229166666666666 0.2796875 0.7604166666666666 0.2796875 0.7 0.29375 0.69375 0.2296875 0.7020833333333333 0.1640625 0.7208333333333333 0.1390625
0 0.69375 0 0.8020833333333334 0.0046875 0.81875 0.0140625 0.8270833333333333 0.0421875 0.81875 0.0703125 0.7791666666666667 0.13125 0.7458333333333333 0.1328125 0.6791666666666667 0.15 0.6708333333333333 0.14375 0.6395833333333333 0.0375 0.64375 0.025 0.6645833333333333 0.009375