0 0.0125 0.7958333333333333 0.0859375 0.8041666666666667 0.1171875 0.85 0.1265625 0.9041666666666667 0.1046875 0.9729166666666667 0.0890625 0.99375 0.0453125 1 0 0.9958333333333333 0 0.9125 0.0046875 0.90625 0 0.80625
0 0.2140625 0.80625 0.2265625 0.8104166666666667 0.2609375 0.8520833333333333 0.3265625 0.8854166666666666 0.31875 0.93125 0.3171875 1 0.1484375 1 0.1421875 0.975 0.1453125 0.9104166666666667 0.1828125 0.8354166666666667
0 0.3875 0.8375 0.41875 0.84375 0.45 0.8729166666666667 0.475 0.9333333333333333 0.4765625 1 0.31875 1 0.3140625 0.9208333333333333 0.3234375 0.8854166666666666 0.3625 0.8479166666666667
0 0.5640625 0.8229166666666666 0.6 0.8395833333333333 0.6203125 0.8791666666666667 0.6046875 0.9979166666666667 0.5046875 1 0.4828125 0.9916666666666667 0.4765625 0.9791666666666666 0.4734375 0.9333333333333333 0.446875 0.8708333333333333 0.446875 0.8583333333333333 0.5234375 0.8416666666666667
0 0.709375 0.8270833333333333 0.7375 0.8291666666666667 0.7625 0.8520833333333333 0.7796875 0.925 0.7796875 0.9625 0.771875 0.9916666666666667 0.765625 1 0.6140625 1 0.6078125 0.95625 0.61875 0.8833333333333333 0.659375 0.8395833333333333
0 0.909375 0.5166666666666667 0.9515625 0.5270833333333333 0.9875 0.5729166666666666 1 0.64375 0.9953125 0.6895833333333333 0.975 0.7270833333333333 0.9484375 0.7458333333333333 0.8671875 0.7479166666666667 0.846875 0.7416666666666667 0.83125 0.725 0.80625 0.6708333333333333 0.8203125 0.59375 0.8328125 0.5666666666666667 0.8578125 0.5375
0 0.8078125 0.7458333333333333 0.9265625 0.7708333333333334 0.9140625 0.83125 0.909375 0.93125 0.884375 0.9666666666666667 0.8640625 0.975 0.8171875 0.975 0.7828125 0.9583333333333334 0.775 0.8291666666666667 0.7859375 0.7729166666666667
0 0.9984375 0.7020833333333333 1 1 0.9484375 1 0.9234375 0.975 0.909375 0.9354166666666667 0.9109375 0.8104166666666667 0.91875 0.78125 0.9328125 0.7604166666666666 0.9546875 0.7479166666666667
0 0.496875 0.63125 0.5296875 0.6375 0.584375 0.6979166666666666 0.59375 0.73125 0.59375 0.7666666666666667 0.5828125 0.8 0.5703125 0.8208333333333333 0.5328125 0.8395833333333333 0.45625 0.8479166666666667 0.415625 0.8354166666666667 0.3921875 0.79375 0.4015625 0.7 0.4375 0.6541666666666667
0 0.2765625 0.5770833333333333 0.309375 0.5791666666666667 0.34375 0.6083333333333333 0.3828125 0.6583333333333333 0.396875 0.6916666666666667 0.3953125 0.7479166666666667 0.384375 0.8145833333333333 0.3421875 0.8604166666666667 0.3015625 0.8625 0.2625 0.85 0.225 0.8083333333333333 0.209375 0.7625 0.2046875 0.6791666666666667 0.2109375 0.6416666666666667 0.2390625 0.6
0 0.1484375 0.6145833333333334 0.184375 0.6166666666666667 0.2109375 0.63125 0.2078125 0.7375 0.221875 0.8041666666666667 0.1828125 0.8333333333333334 0.11875 0.8333333333333334 0.1 0.825 0.0859375 0.8020833333333334 0.0765625 0.7583333333333333 0.0796875 0.7 0.0921875 0.6583333333333333 0.1171875 0.63125
0 0.05625 0.45 0.171875 0.5041666666666667 0.1546875 0.5645833333333333 0.153125 0.6145833333333334 0.1171875 0.6333333333333333 0.096875 0.6541666666666667 0.0578125 0.6520833333333333 0.0359375 0.6354166666666666 0.01875 0.6020833333333333 0.025 0.49166666666666664 0.0328125 0.47291666666666665
0 0.2703125 0.4479166666666667 0.3109375 0.45625 0.309375 0.53125 0.3171875 0.58125 0.265625 0.58125 0.2171875 0.625 0.153125 0.6125 0.15 0.5666666666666667 0.1734375 0.5041666666666667 0.2296875 0.4583333333333333
0 0.409375 0.35 0.4359375 0.3541666666666667 0.4828125 0.4083333333333333 0.5 0.44166666666666665 0.4984375 0.48541666666666666 0.49375 0.55625 0.4859375 0.59375 0.4734375 0.61875 0.43125 0.6583333333333333 0.390625 0.6625 0.31875 0.5791666666666667 0.309375 0.5458333333333333 0.3078125 0.475 0.325 0.42083333333333334 0.3546875 0.3770833333333333 0.3765625 0.35833333333333334
0 0.6046875 0.3645833333333333 0.6453125 0.3645833333333333 0.6859375 0.3854166666666667 0.709375 0.4354166666666667 0.7125 0.48125 0.690625 0.5770833333333333 0.6546875 0.6270833333333333 0.65 0.6458333333333334 0.6234375 0.66875 0.5921875 0.675 0.5765625 0.6708333333333333 0.575 0.6604166666666667 0.571875 0.66875 0.5625 0.6645833333333333 0.534375 0.6291666666666667 0.525 0.5875 0.525 0.5333333333333333 0.5359375 0.46875 0.553125 0.42291666666666666 0.5859375 0.3770833333333333
0 0.76875 0.2625 0.8140625 0.26666666666666666 0.8609375 0.28958333333333336 0.8859375 0.3229166666666667 0.9046875 0.38333333333333336 0.88125 0.44583333333333336 0.83125 0.4979166666666667 0.75 0.525 0.7125 0.525 0.7125 0.45 0.6921875 0.39791666666666664 0.6921875 0.38125 0.7171875 0.31875
0 0.4765625 0.1625 0.5171875 0.1625 0.55625 0.18958333333333333 0.5734375 0.21875 0.590625 0.27708333333333335 0.5921875 0.33125 0.6 0.36875 0.5765625 0.39166666666666666 0.54375 0.44583333333333336 0.509375 0.4395833333333333 0.484375 0.41041666666666665 0.4390625 0.3541666666666667 0.4125 0.28958333333333336 0.409375 0.24791666666666667 0.4234375 0.19791666666666666 0.4484375 0.17291666666666666
0 0.69375 0.21041666666666667 0.7359375 0.21875 0.7609375 0.2604166666666667 0.75625 0.28125 0.721875 0.31666666666666665 0.6984375 0.3770833333333333 0.68125 0.3854166666666667 0.6515625 0.36666666666666664 0.596875 0.3645833333333333 0.5890625 0.3416666666666667 0.5890625 0.3145833333333333 0.6 0.275 0.6234375 0.24583333333333332
0 0.2578125 0.07916666666666666 0.28125 0.08333333333333333 0.340625 0.12291666666666666 0.38125 0.17916666666666667 0.3875 0.19791666666666666 0.3875 0.23541666666666666 0.3796875 0.26875 0.3671875 0.2875 0.3359375 0.3 0.2640625 0.3 0.203125 0.24166666666666667 0.1921875 0.18958333333333333 0.1953125 0.15833333333333333 0.221875 0.10625
0 0.16875 0.24791666666666667 0.215625 0.2520833333333333 0.25625 0.29375 0.2703125 0.35625 0.24375 0.43125 0.228125 0.45 0.19375 0.46458333333333335 0.1578125 0.45625 0.1046875 0.4625 0.0640625 0.44166666666666665 0.05 0.39166666666666666 0.0734375 0.325 0.1234375 0.26666666666666666
0 0.0125 0.04583333333333333 0.03125 0.052083333333333336 0.0421875 0.06875 0.05539772727272725 0.14204545454545456 0.0625 0.17291666666666666 0.0265625 0.21458333333333332 0 0.225 0 0.05
0 0.103125 0 0.1578125 0 0.19375 0.058333333333333334 0.19375 0.09791666666666667 0.171875 0.14791666666666667 0.1546875 0.15833333333333333 0.0953125 0.15416666666666667 0.065625 0.13541666666666666 0.0671875 0.075
0 0.403125 0.0020833333333333333 0.4703125 0.008333333333333333 0.4890625 0.035416666666666666 0.46875 0.09375 0.4625 0.16458333333333333 0.4328125 0.18333333333333332 0.38125 0.18333333333333332 0.353125 0.13333333333333333 0.365625 0.08333333333333333 0.365625 0.04791666666666667 0.3859375 0.010416666666666666
0 0.540625 0.020833333333333332 0.58125 0.022916666666666665 0.5984375 0.03333333333333333 0.6375 0.07291666666666667 0.65625 0.1125 0.6625 0.14583333333333334 0.6578125 0.18958333333333333 0.6484375 0.21458333333333332 0.61875 0.24375 0.5828125 0.24791666666666667 0.5625 0.20208333333333334 0.5328125 0.17291666666666666 0.5140625 0.16458333333333333 0.465625 0.16458333333333333 0.4671875 0.12708333333333333 0.48125 0.08541666666666667 0.5109375 0.03958333333333333
0 0.66875 0.03958333333333333 0.675 0.03958333333333333 0.6796875 0.05416666666666667 0.69375 0.041666666666666664 0.7484375 0.04791666666666667 0.771875 0.12083333333333333 0.8140625 0.18125 0.8109375 0.20625 0.78125 0.25 0.75625 0.25 0.7359375 0.22291666666666668 0.69375 0.20833333333333334 0.6671875 0.18333333333333332 0.665625 0.1375 0.653125 0.09166666666666666 0.653125 0.06875 0.6546875 0.05
0 0.7671875 0 0.8015625 0.008333333333333333 0.828125 0 0.9234375 0 0.9375 0.09791666666666667 0.93125 0.16041666666666668 0.9171875 0.17916666666666667 0.8859375 0.19375 0.8453125 0.19583333333333333 0.815625 0.18333333333333332 0.78125 0.14166666666666666 0.7578125 0.0875 0.753125 0.029166666666666667