0 0.3635036496350365 0.5416666666666666 0.39124087591240875 0.5416666666666666 0.4029197080291971 0.5479166666666667 0.4306569343065693 0.5520833333333334 0.454014598540146 0.565625 0.4744525547445255 0.5958333333333333 0.48905109489051096 0.6322916666666667 0.4978102189781022 0.66875 0.49635036496350365 0.696875 0.47007299270072994 0.7552083333333334 0.44963503649635034 0.7791666666666667 0.4233576642335766 0.7989583333333333 0.39416058394160586 0.8104166666666667 0.36496350364963503 0.815625 0.31532846715328466 0.815625 0.3021897810218978 0.8125 0.291970802919708 0.8 0.29781021897810217 0.7729166666666667 0.29781021897810217 0.7239583333333334 0.27007299270072993 0.6572916666666667 0.2686131386861314 0.6145833333333334 0.2759124087591241 0.5947916666666667 0.3021897810218978 0.5645833333333333 0.327007299270073 0.55
0 0.5372262773722628 0.4239583333333333 0.5576642335766423 0.4270833333333333 0.564963503649635 0.44479166666666664 0.5941605839416059 0.48333333333333334 0.6087591240875913 0.49270833333333336 0.618978102189781 0.5083333333333333 0.6496350364963503 0.5239583333333333 0.67007299270073 0.540625 0.7051094890510949 0.6072916666666667 0.7051094890510949 0.621875 0.6788321167883211 0.65625 0.6627737226277373 0.665625 0.6394160583941606 0.66875 0.6233576642335766 0.6760416666666667 0.5737226277372263 0.6729166666666667 0.5328467153284672 0.65625 0.47737226277372263 0.603125 0.45255474452554745 0.5635416666666667 0.44963503649635034 0.5041666666666667 0.4656934306569343 0.4635416666666667 0.49635036496350365 0.4354166666666667
0 0.8058394160583942 0.6083333333333333 0.8481751824817518 0.6083333333333333 0.872992700729927 0.6145833333333334 0.8978102189781022 0.6260416666666667 0.9197080291970803 0.6447916666666667 0.9386861313868613 0.6770833333333334 0.9430656934306569 0.7010416666666667 0.9343065693430657 0.7239583333333334 0.9124087591240876 0.7385416666666667 0.8700729927007299 0.7458333333333333 0.8218978102189781 0.7416666666666667 0.8029197080291971 0.7354166666666667 0.7708029197080292 0.7083333333333334 0.7562043795620438 0.6729166666666667 0.7562043795620438 0.646875 0.7737226277372263 0.6197916666666666
0 0.7007299270072993 0.653125 0.7328467153284671 0.6552083333333333 0.7591240875912408 0.671875 0.7737226277372263 0.73125 0.7649635036496351 0.7739583333333333 0.7503649635036497 0.7895833333333333 0.7211678832116788 0.8 0.6715328467153284 0.803125 0.654014598540146 0.8104166666666667 0.5941605839416059 0.8135416666666667 0.5883211678832116 0.809375 0.5941605839416059 0.7802083333333333 0.6160583941605839 0.7364583333333333 0.6437956204379562 0.709375 0.6715328467153284 0.659375
0 0.11678832116788321 0.8135416666666667 0.16642335766423358 0.8177083333333334 0.17956204379562044 0.8291666666666667 0.1897810218978102 0.8489583333333334 0.1897810218978102 0.8760416666666667 0.16934306569343066 0.9270833333333334 0.15182481751824817 0.94375 0.08467153284671533 0.946875 0.07445255474452554 0.9708333333333333 0.06423357664233577 0.9802083333333333 0.051094890510948905 0.971875 0.024817518248175182 0.9739583333333334 0.014598540145985401 0.9708333333333333 0 0.9645833333333333 0 0.9041666666666667 0.004379562043795621 0.8989583333333333 0 0.8666666666666667 0.059854014598540145 0.83125 0.08613138686131387 0.8197916666666667
0 0.12262773722627737 0.7229166666666667 0.1386861313868613 0.725 0.14452554744525548 0.7322916666666667 0.1678832116788321 0.8 0.1678832116788321 0.8197916666666667 0.11532846715328467 0.815625 0.058394160583941604 0.8270833333333333 0.033576642335766425 0.815625 0.02335766423357664 0.8052083333333333 0.014598540145985401 0.7864583333333334 0.016058394160583942 0.7770833333333333 0.059854014598540145 0.759375 0.10656934306569343 0.728125
0 0.5255474452554745 0.2864583333333333 0.5474452554744526 0.2875 0.581021897810219 0.2989583333333333 0.5985401459854015 0.3145833333333333 0.6116788321167883 0.33958333333333335 0.6102189781021898 0.38645833333333335 0.5781021897810219 0.40625 0.5445255474452555 0.39791666666666664 0.47007299270072994 0.39791666666666664 0.46277372262773725 0.39375 0.4554744525547445 0.353125 0.46131386861313867 0.32083333333333336 0.4832116788321168 0.2989583333333333 0.5051094890510949 0.28958333333333336
0 0.6671532846715329 0.21770833333333334 0.6846715328467153 0.22291666666666668 0.691970802919708 0.23854166666666668 0.6978102189781021 0.25833333333333336 0.6934306569343066 0.2947916666666667 0.6832116788321168 0.3104166666666667 0.6598540145985401 0.3302083333333333 0.6087591240875913 0.32916666666666666 0.6 0.315625 0.5795620437956205 0.30104166666666665 0.5416058394160584 0.2864583333333333 0.5386861313868613 0.275 0.5547445255474452 0.24895833333333334 0.5781021897810219 0.23333333333333334 0.6087591240875913 0.22395833333333334 0.635036496350365 0.225
0 0.781021897810219 0.3614583333333333 0.8160583941605839 0.36354166666666665 0.8481751824817518 0.3802083333333333 0.8408759124087591 0.3958333333333333 0.8175182481751825 0.4114583333333333 0.8087591240875912 0.428125 0.8058394160583942 0.45625 0.8131386861313868 0.475 0.8102189781021898 0.48333333333333334 0.7591240875912408 0.47708333333333336 0.7284671532846715 0.4666666666666667 0.691970802919708 0.44166666666666665 0.6861313868613139 0.42291666666666666 0.689051094890511 0.40625 0.708029197080292 0.3854166666666667 0.7255474452554744 0.38333333333333336 0.7547445255474453 0.3875 0.7678832116788321 0.365625
0 0.8496350364963504 0.390625 0.8875912408759125 0.39166666666666666 0.9021897810218978 0.40208333333333335 0.9138686131386862 0.44479166666666664 0.9138686131386862 0.47291666666666665 0.9036496350364963 0.503125 0.8890510948905109 0.5135416666666667 0.8306569343065694 0.496875 0.8043795620437956 0.48020833333333335 0.7970802919708029 0.46770833333333334 0.8 0.40729166666666666
0 0.8189781021897811 0.5052083333333334 0.8321167883211679 0.5052083333333334 0.8642335766423358 0.515625 0.8817518248175182 0.5333333333333333 0.8788321167883212 0.5666666666666667 0.8554744525547445 0.6052083333333333 0.8452554744525548 0.6104166666666667 0.7956204379562044 0.6125 0.7605839416058394 0.63125 0.7357664233576642 0.628125 0.7226277372262774 0.609375 0.7401459854014598 0.571875 0.7386861313868613 0.5552083333333333 0.7284671532846715 0.5416666666666666 0.7386861313868613 0.5322916666666667 0.7693430656934307 0.5177083333333333
0 0.052554744525547446 0.3927083333333333 0.12116788321167883 0.4010416666666667 0.19124087591240876 0.4354166666666667 0.2291970802919708 0.44895833333333335 0.24233576642335766 0.4625 0.2364963503649635 0.4791666666666667 0.19854014598540146 0.5 0.1562043795620438 0.5104166666666666 0.07153284671532846 0.5114583333333333 0.016058394160583942 0.49895833333333334 0.00145985401459854 0.48333333333333334 0 0.40520833333333334 0.017518248175182483 0.3958333333333333
0 0.2656934306569343 0.34479166666666666 0.30656934306569344 0.34791666666666665 0.3343065693430657 0.365625 0.35036496350364965 0.38645833333333335 0.362043795620438 0.4083333333333333 0.36496350364963503 0.42916666666666664 0.362043795620438 0.46979166666666666 0.3518248175182482 0.48541666666666666 0.3007299270072993 0.484375 0.2759124087591241 0.4895833333333333 0.21605839416058395 0.4395833333333333 0.20875912408759123 0.41875 0.21605839416058395 0.3802083333333333 0.2364963503649635 0.3541666666666667