0 0.2361111111111111 0.88125 0.2652777777777778 0.884375 0.29583333333333334 0.9 0.3236111111111111 0.9645833333333333 0.34305555555555556 0.9864583333333333 0.34444444444444444 1 0.2263888888888889 0.9979166666666667 0.2 0.95625 0.19583333333333333 0.9197916666666667 0.2111111111111111 0.8927083333333333
0 0.44027777777777777 0.88125 0.4652777777777778 0.8854166666666666 0.48194444444444445 0.9104166666666667 0.49027777777777776 0.9489583333333333 0.48194444444444445 0.9875 0.46944444444444444 1 0.35138888888888886 1 0.35 0.9802083333333333 0.3625 0.9333333333333333 0.3541666666666667 0.925 0.35 0.9104166666666667 0.3902777777777778 0.903125 0.4222222222222222 0.884375
0 0.7777777777777778 0.7864583333333334 0.7958333333333333 0.7895833333333333 0.8111111111111111 0.7989583333333333 0.8291666666666667 0.8197916666666667 0.8361111111111111 0.8395833333333333 0.8277777777777777 0.8885416666666667 0.8069444444444445 0.9395833333333333 0.8027777777777778 0.9489583333333333 0.7875 0.95625 0.7638888888888888 0.953125 0.75 0.9447916666666667 0.7319444444444444 0.9083333333333333 0.7361111111111112 0.8229166666666666 0.7513888888888889 0.7979166666666667
0 0.8944444444444445 0.8385416666666666 0.95 0.846875 0.9805555555555555 0.8604166666666667 0.9694444444444444 0.8854166666666666 0.9555555555555556 0.9041666666666667 0.9236111111111112 0.925 0.8597222222222223 0.946875 0.8263888888888888 0.94375 0.8194444444444444 0.9364583333333333 0.8194444444444444 0.9208333333333333 0.8444444444444444 0.8708333333333333 0.8583333333333333 0.8541666666666666
0 0.31666666666666665 0.46041666666666664 0.36944444444444446 0.465625 0.41944444444444445 0.49375 0.4361111111111111 0.51875 0.43472222222222223 0.5458333333333333 0.41388888888888886 0.6052083333333333 0.41388888888888886 0.646875 0.40694444444444444 0.66875 0.39444444444444443 0.6864583333333333 0.3736111111111111 0.6927083333333334 0.35 0.6927083333333334 0.3333333333333333 0.6875 0.2875 0.659375 0.2638888888888889 0.6208333333333333 0.25555555555555554 0.5947916666666667 0.25416666666666665 0.5458333333333333 0.26666666666666666 0.5072916666666667 0.2861111111111111 0.4791666666666667 0.30416666666666664 0.46458333333333335
0 0.5125 0.509375 0.5208333333333334 0.509375 0.5486111111111112 0.5229166666666667 0.5638888888888889 0.5375 0.5763888888888888 0.5572916666666666 0.5777777777777777 0.584375 0.5458333333333333 0.6479166666666667 0.5472222222222223 0.6864583333333333 0.5430555555555555 0.6979166666666666 0.5291666666666667 0.7083333333333334 0.5027777777777778 0.7104166666666667 0.48055555555555557 0.7 0.43472222222222223 0.6666666666666666 0.41944444444444445 0.6364583333333333 0.41805555555555557 0.6072916666666667 0.4263888888888889 0.5666666666666667 0.4444444444444444 0.5354166666666667 0.4638888888888889 0.5229166666666667
0 0.7652777777777777 0.596875 0.8041666666666667 0.6041666666666666 0.8263888888888888 0.61875 0.8777777777777778 0.6697916666666667 0.8777777777777778 0.6822916666666666 0.8694444444444445 0.6895833333333333 0.8416666666666667 0.6947916666666667 0.8152777777777778 0.6885416666666667 0.7888888888888889 0.6791666666666667 0.7736111111111111 0.66875 0.7694444444444445 0.6604166666666667 0.7583333333333333 0.6572916666666667 0.7388888888888889 0.6083333333333333
0 0.8458333333333333 0.534375 0.8708333333333333 0.5375 0.9013888888888889 0.5520833333333334 0.9222222222222223 0.5791666666666667 0.9388888888888889 0.6291666666666667 0.95 0.6385416666666667 0.9736111111111111 0.6458333333333334 0.9763888888888889 0.66875 0.9722222222222222 0.675 0.9486111111111111 0.6770833333333334 0.8875 0.6708333333333333 0.8305555555555556 0.625 0.8097222222222222 0.59375 0.8083333333333333 0.5666666666666667 0.8208333333333333 0.546875
0 0.9 0.534375 0.925 0.534375 0.9402777777777778 0.5395833333333333 0.9805555555555555 0.5833333333333334 0.9958333333333333 0.59375 1 0.6229166666666667 0.9888888888888889 0.6354166666666666 0.9472222222222222 0.6395833333333333 0.9319444444444445 0.6322916666666667 0.9222222222222223 0.6104166666666667 0.9166666666666666 0.578125 0.8888888888888888 0.54375
0 0.8847222222222222 0.6739583333333333 0.9291666666666667 0.6770833333333334 0.9708333333333333 0.6864583333333333 0.9944444444444445 0.7208333333333333 0.9902777777777778 0.7333333333333333 0.9722222222222222 0.7427083333333333 0.9402777777777778 0.75 0.8791666666666667 0.7354166666666667 0.8472222222222222 0.7354166666666667 0.8319444444444445 0.7208333333333333 0.8347222222222223 0.70625 0.8444444444444444 0.69375 0.8638888888888889 0.6875
0 0.7958333333333333 0.7166666666666667 0.8166666666666667 0.7166666666666667 0.8347222222222223 0.721875 0.8527777777777777 0.7364583333333333 0.8666666666666667 0.7635416666666667 0.8736111111111111 0.8229166666666666 0.8638888888888889 0.8489583333333334 0.8472222222222222 0.8666666666666667 0.8388888888888889 0.834375 0.825 0.8125 0.8013888888888889 0.7947916666666667 0.7694444444444445 0.7895833333333333 0.7638888888888888 0.784375 0.7652777777777777 0.7333333333333333 0.7791666666666667 0.7208333333333333
0 0.8555555555555555 0.7302083333333333 0.8875 0.7322916666666667 0.9416666666666667 0.7541666666666667 0.9694444444444444 0.7791666666666667 0.9958333333333333 0.8166666666666667 1 0.8510416666666667 0.9527777777777777 0.8489583333333334 0.8722222222222222 0.825 0.8625 0.7625 0.8486111111111111 0.7375 0.8486111111111111 0.7322916666666667
0 0.5847222222222223 0.7208333333333333 0.7291666666666666 0.7416666666666667 0.7486111111111111 0.75625 0.7597222222222222 0.7729166666666667 0.7611111111111111 0.7875 0.7541666666666667 0.7989583333333333 0.7222222222222222 0.8208333333333333 0.6263888888888889 0.8239583333333333 0.6125 0.8197916666666667 0.5833333333333334 0.8197916666666667 0.5680555555555555 0.7958333333333333 0.5652777777777778 0.7447916666666666 0.5708333333333333 0.7291666666666666
0 0.6791666666666667 0.590625 0.7 0.590625 0.7222222222222222 0.596875 0.7388888888888889 0.6072916666666667 0.7444444444444445 0.61875 0.7444444444444445 0.646875 0.7111111111111111 0.66875 0.6597222222222222 0.6614583333333334 0.6347222222222222 0.6427083333333333 0.6347222222222222 0.621875 0.6444444444444445 0.6041666666666666 0.6555555555555556 0.5958333333333333
0 0.7041666666666667 0.6479166666666667 0.7388888888888889 0.6510416666666666 0.7597222222222222 0.6666666666666666 0.7652777777777777 0.678125 0.7638888888888888 0.7010416666666667 0.7430555555555556 0.7166666666666667 0.7375 0.7364583333333333 0.7236111111111111 0.7416666666666667 0.6652777777777777 0.7354166666666667 0.6458333333333334 0.7 0.6472222222222223 0.6833333333333333 0.6583333333333333 0.6625 0.6805555555555556 0.6614583333333334 0.6944444444444444 0.6489583333333333
0 0.19027777777777777 0.5791666666666667 0.19722222222222222 0.5916666666666667 0.19722222222222222 0.6385416666666667 0.18472222222222223 0.6760416666666667 0.17777777777777778 0.684375 0.1597222222222222 0.6916666666666667 0.12777777777777777 0.6927083333333334 0.10833333333333334 0.6885416666666667 0.08611111111111111 0.671875 0.08611111111111111 0.6583333333333333 0.09861111111111111 0.6395833333333333 0.11527777777777778 0.6239583333333333 0.16666666666666666 0.596875
0 0.11527777777777778 0.5354166666666667 0.1388888888888889 0.5364583333333334 0.15694444444444444 0.5489583333333333 0.1638888888888889 0.5645833333333333 0.1597222222222222 0.590625 0.10138888888888889 0.6322916666666667 0.05555555555555555 0.63125 0.05 0.6208333333333333 0.0375 0.6125 0.0375 0.5947916666666667 0.06388888888888888 0.575 0.08055555555555556 0.55 0.09305555555555556 0.5416666666666666
0 0.09027777777777778 0.46458333333333335 0.10277777777777777 0.46458333333333335 0.11666666666666667 0.4708333333333333 0.13472222222222222 0.503125 0.13194444444444445 0.5104166666666666 0.09722222222222222 0.5177083333333333 0.06111111111111111 0.515625 0.05 0.51875 0.0375 0.5333333333333333 0.025 0.5333333333333333 0 0.525 0 0.48854166666666665 0.03194444444444444 0.484375
0 0.17777777777777778 0.42604166666666665 0.19583333333333333 0.4270833333333333 0.21805555555555556 0.453125 0.2152777777777778 0.47291666666666665 0.20416666666666666 0.4875 0.15833333333333333 0.484375 0.125 0.4666666666666667 0.12361111111111112 0.45416666666666666 0.13194444444444445 0.4427083333333333 0.15 0.4322916666666667
0 0.2625 0.35104166666666664 0.28194444444444444 0.3541666666666667 0.2972222222222222 0.365625 0.31527777777777777 0.4166666666666667 0.3125 0.44583333333333336 0.28055555555555556 0.4666666666666667 0.24166666666666667 0.4510416666666667 0.22777777777777777 0.43645833333333334 0.20416666666666666 0.43020833333333336 0.2 0.42291666666666666 0.2013888888888889 0.415625 0.2263888888888889 0.4 0.24166666666666667 0.36666666666666664
0 0.3611111111111111 0.35833333333333334 0.3958333333333333 0.3614583333333333 0.43472222222222223 0.37916666666666665 0.43194444444444446 0.3927083333333333 0.4027777777777778 0.4270833333333333 0.36666666666666664 0.4322916666666667 0.3347222222222222 0.42291666666666666 0.325 0.41354166666666664 0.3111111111111111 0.375 0.3263888888888889 0.3645833333333333
0 0.4861111111111111 0.33958333333333335 0.5097222222222222 0.340625 0.525 0.35625 0.5277777777777778 0.37083333333333335 0.5208333333333334 0.4166666666666667 0.5013888888888889 0.4270833333333333 0.4583333333333333 0.440625 0.4152777777777778 0.43125 0.40694444444444444 0.415625 0.42777777777777776 0.39166666666666666 0.43472222222222223 0.365625 0.45 0.35104166666666664
0 0.7152777777777778 0.36354166666666665 0.7347222222222223 0.365625 0.7527777777777778 0.3885416666666667 0.7541666666666667 0.4083333333333333 0.7444444444444445 0.434375 0.6972222222222222 0.4625 0.6819444444444445 0.465625 0.6458333333333334 0.4625 0.6305555555555555 0.4375 0.6375 0.4041666666666667 0.6597222222222222 0.3875
0 0.6819444444444445 0.30625 0.7861111111111111 0.31979166666666664 0.8041666666666667 0.328125 0.8097222222222222 0.3385416666666667 0.8083333333333333 0.35104166666666664 0.7916666666666666 0.36041666666666666 0.7625 0.35833333333333334 0.7402777777777778 0.35104166666666664 0.7055555555555556 0.3541666666666667 0.6791666666666667 0.3385416666666667 0.675 0.315625
0 0.8347222222222223 0.3572916666666667 0.875 0.36354166666666665 0.8930555555555556 0.3770833333333333 0.9013888888888889 0.390625 0.8972222222222223 0.43645833333333334 0.8875 0.47291666666666665 0.8791666666666667 0.48020833333333335 0.8083333333333333 0.4666666666666667 0.7958333333333333 0.425 0.7972222222222223 0.396875 0.8111111111111111 0.37083333333333335
0 0.7555555555555555 0.39895833333333336 0.7777777777777778 0.4041666666666667 0.7916666666666666 0.41770833333333335 0.8055555555555556 0.45208333333333334 0.8 0.478125 0.7875 0.496875 0.7388888888888889 0.5270833333333333 0.7013888888888888 0.528125 0.6833333333333333 0.5114583333333333 0.6736111111111112 0.509375 0.6722222222222223 0.5020833333333333 0.6763888888888889 0.49375 0.7 0.47604166666666664 0.7208333333333333 0.46979166666666666 0.7194444444444444 0.4552083333333333 0.7347222222222223 0.4354166666666667 0.7458333333333333 0.40625
0 0.8208333333333333 0.46875 0.8361111111111111 0.46979166666666666 0.8736111111111111 0.4822916666666667 0.8805555555555555 0.4979166666666667 0.8680555555555556 0.5135416666666667 0.8277777777777777 0.5302083333333333 0.8111111111111111 0.5260416666666666 0.7694444444444445 0.5291666666666667 0.7527777777777778 0.534375 0.7291666666666666 0.5302083333333333 0.7361111111111112 0.5177083333333333 0.7722222222222223 0.5020833333333333
0 0.6444444444444445 0.2677083333333333 0.6638888888888889 0.27291666666666664 0.675 0.29375 0.6763888888888889 0.31875 0.6680555555555555 0.33645833333333336 0.6347222222222222 0.36354166666666665 0.6 0.37395833333333334 0.5805555555555556 0.3729166666666667 0.5680555555555555 0.36354166666666665 0.5708333333333333 0.303125 0.5763888888888888 0.29270833333333335 0.6027777777777777 0.27395833333333336
0 0.5652777777777778 0.3572916666666667 0.575 0.35833333333333334 0.5944444444444444 0.3697916666666667 0.6208333333333333 0.371875 0.6263888888888889 0.378125 0.6263888888888889 0.3927083333333333 0.6097222222222223 0.41875 0.5958333333333333 0.428125 0.5736111111111111 0.43333333333333335 0.5319444444444444 0.4239583333333333 0.5208333333333334 0.4166666666666667 0.5222222222222223 0.39479166666666665 0.5319444444444444 0.37395833333333334 0.5444444444444444 0.3625
0 0.44027777777777777 0.2677083333333333 0.4444444444444444 0.2677083333333333 0.4444444444444444 0.278125 0.4583333333333333 0.2791666666666667 0.4736111111111111 0.29375 0.48055555555555557 0.3302083333333333 0.4777777777777778 0.3416666666666667 0.4583333333333333 0.35104166666666664 0.4388888888888889 0.371875 0.42777777777777776 0.3770833333333333 0.39861111111111114 0.3645833333333333 0.4 0.30416666666666664 0.4027777777777778 0.290625 0.41388888888888886 0.278125
0 0.3138888888888889 0.24583333333333332 0.32916666666666666 0.25 0.3458333333333333 0.26666666666666666 0.3486111111111111 0.30104166666666665 0.34444444444444444 0.321875 0.33055555555555555 0.3489583333333333 0.3 0.3625 0.26666666666666666 0.35208333333333336 0.25416666666666665 0.3416666666666667 0.2569444444444444 0.2875 0.2513888888888889 0.265625 0.2652777777777778 0.2520833333333333
0 0.16666666666666666 0.303125 0.2013888888888889 0.303125 0.24027777777777778 0.31666666666666665 0.25833333333333336 0.35208333333333336 0.2263888888888889 0.403125 0.19166666666666668 0.4239583333333333 0.17916666666666667 0.42083333333333334 0.1638888888888889 0.40520833333333334 0.15555555555555556 0.3697916666666667 0.14027777777777778 0.34479166666666666 0.14583333333333334 0.31666666666666665
0 0.0763888888888889 0.31666666666666665 0.14305555555555555 0.31979166666666664 0.14444444444444443 0.34375 0.15694444444444444 0.3645833333333333 0.15555555555555556 0.37916666666666665 0.12083333333333333 0.38125 0.0875 0.39895833333333336 0.04861111111111111 0.3770833333333333 0.0375 0.359375 0.0375 0.33958333333333335 0.05 0.32395833333333335
0 0.7138888888888889 0.19270833333333334 0.7361111111111112 0.19583333333333333 0.7527777777777778 0.21145833333333333 0.7583333333333333 0.22395833333333334 0.7555555555555555 0.24479166666666666 0.7430555555555556 0.26875 0.7319444444444444 0.2791666666666667 0.7097222222222223 0.2875 0.6791666666666667 0.290625 0.6680555555555555 0.28541666666666665 0.6597222222222222 0.2677083333333333 0.6680555555555555 0.23020833333333332 0.6819444444444445 0.20729166666666668
0 0.8708333333333333 0.20416666666666666 0.8847222222222222 0.20520833333333333 0.9 0.21458333333333332 0.8986111111111111 0.22916666666666666 0.8875 0.24791666666666667 0.8597222222222223 0.26666666666666666 0.8222222222222222 0.28229166666666666 0.7916666666666666 0.284375 0.7763888888888889 0.28020833333333334 0.7625 0.25625 0.7611111111111111 0.23958333333333334 0.7666666666666667 0.23020833333333332 0.8236111111111111 0.2125
0 0.9222222222222223 0.215625 0.9402777777777778 0.21875 0.9527777777777777 0.2375 0.9305555555555556 0.2791666666666667 0.9097222222222222 0.29375 0.8777777777777778 0.29583333333333334 0.8541666666666666 0.2916666666666667 0.8430555555555556 0.28020833333333334 0.8638888888888889 0.2708333333333333 0.9 0.22395833333333334
0 0.8097222222222222 0.15 0.8486111111111111 0.15208333333333332 0.8972222222222223 0.17083333333333334 0.9083333333333333 0.184375 0.9027777777777778 0.20625 0.8958333333333334 0.209375 0.8611111111111112 0.20833333333333334 0.775 0.228125 0.7638888888888888 0.22708333333333333 0.7444444444444445 0.19375 0.7486111111111111 0.17708333333333334 0.7708333333333334 0.16145833333333334
0 0.5041666666666667 0.18645833333333334 0.5458333333333333 0.1875 0.5666666666666667 0.19375 0.5847222222222223 0.20520833333333333 0.5805555555555556 0.22395833333333334 0.5333333333333333 0.259375 0.5083333333333333 0.26979166666666665 0.48055555555555557 0.27291666666666664 0.4375 0.26145833333333335 0.4305555555555556 0.25 0.44305555555555554 0.21770833333333334 0.4666666666666667 0.19895833333333332
0 0.4013888888888889 0.20208333333333334 0.44583333333333336 0.20416666666666666 0.4513888888888889 0.20833333333333334 0.4513888888888889 0.21770833333333334 0.44027777777777777 0.23645833333333333 0.4444444444444444 0.25729166666666664 0.4125 0.278125 0.3902777777777778 0.32708333333333334 0.37916666666666665 0.30104166666666665 0.37083333333333335 0.30625 0.36666666666666664 0.32083333333333336 0.3541666666666667 0.3177083333333333 0.3625 0.3072916666666667 0.35555555555555557 0.29270833333333335 0.3597222222222222 0.2760416666666667 0.35694444444444445 0.23020833333333332 0.36944444444444446 0.21145833333333333
0 0.36944444444444446 0.146875 0.40555555555555556 0.14791666666666667 0.42916666666666664 0.15729166666666666 0.4791666666666667 0.1875 0.4791666666666667 0.19166666666666668 0.45416666666666666 0.21041666666666667 0.39444444444444443 0.20729166666666668 0.3541666666666667 0.22291666666666668 0.32222222222222224 0.20208333333333334 0.31666666666666665 0.17395833333333333 0.3277777777777778 0.159375
0 0.6666666666666666 0.078125 0.6916666666666667 0.07916666666666666 0.7111111111111111 0.08854166666666667 0.7263888888888889 0.10520833333333333 0.7416666666666667 0.13958333333333334 0.7402777777777778 0.16354166666666667 0.7277777777777777 0.18333333333333332 0.6847222222222222 0.20416666666666666 0.6694444444444444 0.196875 0.6277777777777778 0.128125 0.6305555555555555 0.10625 0.6402777777777777 0.09166666666666666
0 0.875 0.090625 0.8902777777777777 0.09479166666666666 0.8986111111111111 0.115625 0.8986111111111111 0.140625 0.8875 0.15729166666666666 0.8111111111111111 0.15416666666666667 0.7680555555555556 0.16145833333333334 0.7611111111111111 0.15625 0.7555555555555555 0.1375 0.7722222222222223 0.121875 0.8 0.10833333333333334
0 0.8027777777777778 0.03958333333333333 0.825 0.04375 0.8375 0.06041666666666667 0.8236111111111111 0.09791666666666667 0.7597222222222222 0.12395833333333334 0.75 0.12291666666666666 0.7430555555555556 0.11770833333333333 0.7361111111111112 0.09895833333333333 0.7402777777777778 0.0625 0.7652777777777777 0.046875
0 0.36666666666666664 0.059375 0.39861111111111114 0.06145833333333333 0.4375 0.07291666666666667 0.4444444444444444 0.07708333333333334 0.44722222222222224 0.08854166666666667 0.4 0.09583333333333334 0.3763888888888889 0.115625 0.34444444444444444 0.13020833333333334 0.32916666666666666 0.14583333333333334 0.3138888888888889 0.146875 0.3013888888888889 0.13958333333333334 0.2916666666666667 0.12604166666666666 0.2875 0.11666666666666667 0.2902777777777778 0.10416666666666667 0.32083333333333336 0.07395833333333333
0 0.1361111111111111 0.21145833333333333 0.15694444444444444 0.21458333333333332 0.16944444444444445 0.22291666666666668 0.20416666666666666 0.28958333333333336 0.1986111111111111 0.30520833333333336 0.16527777777777777 0.3072916666666667 0.14027777777777778 0.321875 0.11805555555555555 0.31666666666666665 0.12222222222222222 0.30416666666666664 0.10972222222222222 0.27708333333333335 0.10694444444444444 0.24479166666666666 0.1125 0.225
0 0.3527777777777778 0.7510416666666667 0.3680555555555556 0.7510416666666667 0.4013888888888889 0.76875 0.43194444444444446 0.7697916666666667 0.4861111111111111 0.7979166666666667 0.5138888888888888 0.8239583333333333 0.5166666666666667 0.8333333333333334 0.5069444444444444 0.8520833333333333 0.49444444444444446 0.8635416666666667 0.45 0.8802083333333334 0.43194444444444446 0.8802083333333334 0.39861111111111114 0.865625 0.35138888888888886 0.8333333333333334 0.33611111111111114 0.8104166666666667 0.3333333333333333 0.784375 0.3375 0.7697916666666667
0 0.8819444444444444 0.29375 0.9263888888888889 0.30104166666666665 0.9486111111111111 0.32083333333333336 0.9555555555555556 0.3489583333333333 0.9402777777777778 0.36875 0.9361111111111111 0.38333333333333336 0.9013888888888889 0.38229166666666664 0.8722222222222222 0.36354166666666665 0.8486111111111111 0.3572916666666667 0.8208333333333333 0.35625 0.8208333333333333 0.33958333333333335 0.8347222222222223 0.3104166666666667 0.8597222222222223 0.29791666666666666
0 0.20972222222222223 0.1125 0.2222222222222222 0.1125 0.23194444444444445 0.11770833333333333 0.2375 0.14375 0.19305555555555556 0.175 0.1638888888888889 0.21666666666666667 0.14305555555555555 0.21354166666666666 0.12916666666666668 0.19166666666666668 0.12916666666666668 0.171875 0.1375 0.15208333333333332 0.175 0.121875
0 0.28888888888888886 0.125 0.30972222222222223 0.14166666666666666 0.33194444444444443 0.15104166666666666 0.3194444444444444 0.175 0.33055555555555555 0.20416666666666666 0.30416666666666664 0.21458333333333332 0.2916666666666667 0.24375 0.2375 0.21458333333333332 0.2375 0.2 0.25972222222222224 0.15416666666666667 0.275 0.13125
0 0.5180555555555556 0.014583333333333334 0.5527777777777778 0.015625 0.5944444444444444 0.025 0.5888888888888889 0.040625 0.5555555555555556 0.078125 0.5083333333333333 0.08125 0.49444444444444446 0.06979166666666667 0.4777777777777778 0.06666666666666667 0.4652777777777778 0.053125 0.4652777777777778 0.0375 0.4722222222222222 0.03229166666666667 0.49444444444444446 0.019791666666666666