0 0.7051460361613352 0.5912240184757506 0.7510431154381085 0.5981524249422633 0.7705146036161336 0.6073903002309469 0.7913769123783032 0.625866050808314 0.7941585535465925 0.6420323325635104 0.7899860917941586 0.6570438799076213 0.7691237830319889 0.684757505773672 0.7454798331015299 0.6986143187066974 0.7065368567454798 0.7009237875288684 0.6397774687065368 0.6974595842956121 0.6050069541029207 0.6812933025404158 0.5938803894297635 0.6697459584295612 0.5910987482614742 0.6547344110854504 0.6063977746870653 0.625866050808314 0.6439499304589708 0.6027713625866051
0 0.6926286509040334 0.5023094688221709 0.7649513212795549 0.5069284064665127 0.8136300417246175 0.5265588914549654 0.8372739916550765 0.5554272517321016 0.8358831710709318 0.5831408775981525 0.8261474269819193 0.5981524249422633 0.7969401947148818 0.6120092378752887 0.7844228094575799 0.6120092378752887 0.7385257301808067 0.5969976905311778 0.674547983310153 0.5935334872979214 0.6592489568845619 0.5669745958429562 0.6578581363004172 0.5242494226327945 0.6634214186369958 0.5138568129330254
0 0.8303198887343533 0.6697459584295612 0.8609179415855355 0.6720554272517321 0.8929068150208623 0.6836027713625866 0.9360222531293463 0.7182448036951501 0.9499304589707928 0.7505773672055427 0.9443671766342142 0.76905311778291 0.9262865090403338 0.789838337182448 0.8734353268428373 0.789838337182448 0.8456189151599444 0.7771362586605081 0.8261474269819193 0.7621247113163973 0.8052851182197497 0.7240184757505773 0.803894297635605 0.7055427251732102 0.8150208623087621 0.6778290993071594
0 0.8692628650904033 0.5484988452655889 0.9095966620305981 0.5496535796766744 0.9568845618915159 0.5796766743648961 0.9638386648122392 0.5935334872979214 0.9652294853963839 0.6224018475750578 0.9499304589707928 0.6443418013856813 0.9179415855354659 0.651270207852194 0.885952712100139 0.6501154734411085 0.8567454798331016 0.6385681293302541 0.8289290681502086 0.6166281755196305 0.8233657858136301 0.6004618937644342 0.8331015299026425 0.5842956120092379 0.8358831710709318 0.5531177829099307
0 0.7426981919332406 0.7713625866050808 0.7927677329624478 0.7829099307159353 0.8289290681502086 0.8233256351039261 0.8372739916550765 0.8602771362586605 0.8358831710709318 0.8822170900692841 0.8247566063977747 0.9018475750577367 0.808066759388039 0.9110854503464203 0.7844228094575799 0.9122401847575058 0.7719054242002782 0.8845265588914549 0.7593880389429764 0.874133949191686 0.7343532684283728 0.8672055427251733 0.7079276773296245 0.8672055427251733 0.6801112656467315 0.8325635103926097 0.6773296244784422 0.8083140877598153 0.6856745479833102 0.7863741339491916 0.7051460361613352 0.7771362586605081
0 0.717663421418637 0.8660508083140878 0.7579972183588317 0.8695150115473441 0.7719054242002782 0.8787528868360277 0.7885952712100139 0.9099307159353349 0.7885952712100139 0.9353348729792148 0.7760778859527121 0.964203233256351 0.7524339360222532 0.9884526558891455 0.7204450625869263 1 0.6884561891515995 1 0.674547983310153 0.9919168591224018 0.6648122392211405 0.9745958429561201 0.6606397774687065 0.9226327944572749 0.6842837273991655 0.8822170900692841 0.7009735744089013 0.8706697459584296
0 0.5201668984700973 0.815242494226328 0.5716272600834492 0.8198614318706697 0.5910987482614742 0.8279445727482679 0.6091794158553546 0.8441108545034642 0.6175243393602226 0.8637413394919169 0.6203059805285118 0.9006928406466512 0.6036161335187761 0.9157043879907621 0.5577190542420027 0.9272517321016166 0.5104311543810849 0.9295612009237876 0.4951321279554937 0.9272517321016166 0.4603616133518776 0.9087759815242494 0.4422809457579972 0.8637413394919169 0.4478442280945758 0.8418013856812933 0.47705146036161333 0.8221709006928406
0 0.42698191933240615 0.5877598152424942 0.4631432545201669 0.5935334872979214 0.4951321279554937 0.6177829099307159 0.5090403337969402 0.6420323325635104 0.5187760778859527 0.6824480369515011 0.5173852573018081 0.7344110854503464 0.5118219749652295 0.7505773672055427 0.49235048678720444 0.7609699769053118 0.4631432545201669 0.7609699769053118 0.4325452016689847 0.7528868360277137 0.40055632823365783 0.7274826789838337 0.38803894297635605 0.7043879907621247 0.3810848400556328 0.6593533487297921 0.3852573018080668 0.6143187066974596 0.3991655076495132 0.5969976905311778
0 0.29624478442280944 0.6143187066974596 0.32962447844228093 0.6154734411085451 0.35048678720445064 0.6327944572748267 0.3588317107093185 0.6535796766743649 0.3588317107093185 0.6951501154734411 0.33240611961057026 0.7401847575057737 0.32127955493741306 0.7505773672055427 0.29624478442280944 0.7655889145496536 0.2517385257301808 0.7725173210161663 0.24339360222531292 0.7586605080831409 0.23087621696801114 0.7551963048498845 0.21835883171070933 0.7390300230946882 0.2141863699582754 0.7136258660508084 0.21835883171070933 0.6812933025404158 0.23226703755215578 0.651270207852194 0.24478442280945759 0.6374133949191686 0.26008344923504867 0.625866050808314
0 0.34214186369958277 0.7494226327944573 0.3588317107093185 0.7494226327944573 0.3852573018080668 0.7632794457274826 0.4144645340751043 0.7909930715935335 0.4325452016689847 0.8210161662817552 0.4325452016689847 0.8602771362586605 0.40751043115438107 0.8752886836027713 0.37830319888734354 0.8752886836027713 0.35465924895688455 0.8660508083140878 0.30737134909596664 0.8394919168591224 0.2795549374130737 0.8094688221709007 0.27816411682892905 0.7944572748267898 0.28929068150208626 0.7771362586605081
0 0.5201668984700973 0.7020785219399538 0.5660639777468707 0.7113163972286374 0.5897079276773296 0.7321016166281755 0.5952712100139083 0.7482678983833718 0.5938803894297635 0.7875288683602771 0.5869262865090403 0.8025404157043879 0.5771905424200278 0.8094688221709007 0.5535465924895688 0.8094688221709007 0.4993045897079277 0.7990762124711316 0.47705146036161333 0.7886836027713626 0.4603616133518776 0.7736720554272517 0.46453407510431155 0.7655889145496536 0.4909596662030598 0.7598152424942263 0.5062586926286509 0.7494226327944573
0 0.5326842837273992 0.5496535796766744 0.5507649513212796 0.5508083140877598 0.5744089012517385 0.5612009237875288 0.5938803894297635 0.5796766743648961 0.6063977746870653 0.6085450346420324 0.60778859527121 0.6212471131639723 0.5938803894297635 0.6501154734411085 0.5980528511821975 0.684757505773672 0.588317107093185 0.6939953810623557 0.5674547983310153 0.7020785219399538 0.5187760778859527 0.6963048498845266 0.5006954102920723 0.6270207852193995 0.48956884561891517 0.6131639722863741 0.4631432545201669 0.5958429561200924 0.4728789986091794 0.5796766743648961 0.5159944367176634 0.5542725173210161
0 0.6189151599443672 0.3210161662817552 0.6439499304589708 0.3210161662817552 0.6717663421418637 0.32909930715935337 0.7051460361613352 0.34526558891454967 0.741307371349096 0.371824480369515 0.7579972183588317 0.40415704387990764 0.7566063977746871 0.4214780600461894 0.7468706536856745 0.43648960739030024 0.7329624478442281 0.4399538106235566 0.6689847009735744 0.43648960739030024 0.6230876216968011 0.4237875288683603 0.5855354659248957 0.40415704387990764 0.5716272600834492 0.38221709006928406 0.56884561891516 0.35219399538106233 0.5785813630041725 0.33602771362586603
0 0.655076495132128 0.24018475750577367 0.7065368567454798 0.25635103926096997 0.721835883171071 0.27829099307159355 0.7246175243393602 0.3071593533487298 0.7107093184979137 0.3394919168591224 0.6954102920723226 0.3406466512702079 0.6411682892906815 0.3244803695150115 0.6203059805285118 0.3244803695150115 0.5702364394993046 0.3348729792147806 0.545201668984701 0.2909930715935335 0.5465924895688457 0.26558891454965355 0.5521557719054242 0.2575057736720554 0.5813630041724618 0.24595842956120093
0 0.5104311543810849 0.302540415704388 0.5438108484005564 0.30369515011547343 0.5618915159944368 0.3140877598152425 0.5730180806675939 0.3394919168591224 0.564673157162726 0.3833718244803695 0.5577190542420027 0.3995381062355658 0.521557719054242 0.4353348729792148 0.47844228094575797 0.44803695150115475 0.4714881780250348 0.43648960739030024 0.4714881780250348 0.4053117782909931 0.44506258692628653 0.37644341801385683 0.4714881780250348 0.3244803695150115 0.4909596662030598 0.3094688221709007
0 0.5507649513212796 0.4387990762124711 0.5952712100139083 0.44341801385681295 0.6203059805285118 0.45381062355658197 0.6328233657858137 0.4653579676674365 0.6439499304589708 0.4930715935334873 0.6439499304589708 0.5196304849884527 0.6369958275382476 0.5381062355658198 0.6244784422809457 0.5496535796766744 0.5702364394993046 0.5554272517321016 0.5424200278164116 0.5450346420323325 0.5257301808066759 0.5288683602771362 0.5048678720445062 0.4665127020785219 0.5257301808066759 0.4468822170900693
0 0.4561891515994437 0.9133949191685913 0.5159944367176634 0.9272517321016166 0.5507649513212796 0.9272517321016166 0.5799721835883171 0.9191685912240185 0.5910987482614742 0.9203233256351039 0.6022253129346314 0.9353348729792148 0.5980528511821975 0.9607390300230947 0.5813630041724618 0.9803695150115473 0.5535465924895688 0.9896073903002309 0.5118219749652295 0.9919168591224018 0.4575799721835883 0.9826789838337182 0.44089012517385257 0.9734411085450346 0.4325452016689847 0.9549653579676675 0.43532684283727396 0.9353348729792148
0 0.17107093184979139 0.76905311778291 0.22531293463143254 0.7852193995381063 0.24339360222531292 0.7852193995381063 0.26564673157162727 0.7782909930715936 0.2726008344923505 0.7817551963048499 0.25869262865090403 0.8060046189376443 0.25591098748261476 0.8475750577367206 0.25034770514603616 0.8545034642032333 0.2239221140472879 0.8579676674364896 0.1905424200278164 0.8556581986143187 0.16411682892906815 0.8441108545034642 0.1474269819193324 0.8302540415704388 0.13630041724617525 0.8083140877598153 0.13630041724617525 0.7852193995381063 0.1474269819193324 0.7736720554272517
0 0.16411682892906815 0.5866050808314087 0.17941585535465926 0.5866050808314087 0.19749652294853964 0.5958429561200924 0.1835883171070932 0.6200923787528868 0.18497913769123783 0.6454965357967667 0.19193324061196107 0.6593533487297921 0.21835883171070933 0.6801385681293303 0.2114047287899861 0.6928406466512702 0.1808066759388039 0.7066974595842956 0.16689847009735745 0.7020785219399538 0.1404728789986092 0.6778290993071594 0.10987482614742698 0.6189376443418014 0.11126564673157163 0.6062355658198614 0.12656467315716272 0.5935334872979214
0 0.21696801112656466 0.5889145496535797 0.29207232267037553 0.5923787528868361 0.32127955493741306 0.6062355658198614 0.3226703755215577 0.6108545034642032 0.3087621696801113 0.6200923787528868 0.2670375521557719 0.6304849884526559 0.24895688456189152 0.6431870669745958 0.22809457579972184 0.6789838337182448 0.2141863699582754 0.6859122401847575 0.20305980528511822 0.6732101616628176 0.19471488178025034 0.648960739030023 0.1933240611961057 0.6004618937644342 0.19749652294853964 0.5935334872979214
0 0.1043115438108484 0.37759815242494227 0.12795549374130738 0.37759815242494227 0.13073713490959665 0.3810623556581986 0.1502086230876217 0.43071593533487296 0.14881780250347706 0.45496535796766746 0.09457579972183588 0.47344110854503463 0.03616133518776078 0.4745958429561201 0.016689847009735744 0.46997690531177827 0.011126564673157162 0.46420323325635104 0.008344923504867872 0.44341801385681295 0.012517385257301807 0.4018475750577367 0.06258692628650904 0.38221709006928406
0 0.2767732962447844 0.3972286374133949 0.31154381084840055 0.4018475750577367 0.33657858136300417 0.4214780600461894 0.3435326842837274 0.4330254041570439 0.3379694019471488 0.5046189376443418 0.31710709318497915 0.523094688221709 0.2851182197496523 0.5300230946882217 0.26425591098748263 0.5288683602771362 0.24200278164116829 0.5207852193995381 0.23087621696801114 0.5069284064665127 0.2239221140472879 0.48614318706697457 0.2239221140472879 0.46420323325635104 0.23087621696801114 0.4457274826789838 0.25869262865090403 0.407621247113164
0 0.11265646731571627 0.5993071593533488 0.12517385257301808 0.6027713625866051 0.12100139082058414 0.6339491916859122 0.14603616133518776 0.6859122401847575 0.12239221140472879 0.7147806004618937 0.05702364394993046 0.7182448036951501 0.04728789986091794 0.7124711316397229 0.037552155771905425 0.6951501154734411 0.03894297635605007 0.6685912240184757 0.0737134909596662 0.625866050808314 0.09874826147426982 0.6039260969976905
0 0.46870653685674546 0.4630484988452656 0.49235048678720444 0.4653579676674365 0.5090403337969402 0.476905311778291 0.521557719054242 0.5115473441108545 0.5201668984700973 0.5334872979214781 0.5034770514603616 0.5542725173210161 0.48261474269819193 0.5681293302540416 0.44645340751043117 0.5831408775981525 0.4172461752433936 0.5877598152424942 0.3908205841446453 0.5981524249422633 0.3741307371349096 0.5565819861431871 0.37552155771905427 0.5277136258660509 0.3949930458970793 0.5127020785219399 0.43949930458970793 0.4942263279445728 0.45479833101529904 0.47113163972286376
0 0.4019471488178025 0.2852193995381062 0.4228094575799722 0.2863741339491917 0.4422809457579972 0.29907621247113164 0.4673157162726008 0.3279445727482679 0.4603616133518776 0.3464203233256351 0.4422809457579972 0.3810623556581986 0.41307371349095967 0.38221709006928406 0.3908205841446453 0.3891454965357968 0.34075104311543813 0.43071593533487296 0.325452016689847 0.4133949191685912 0.27816411682892905 0.3903002309468822 0.325452016689847 0.3094688221709007 0.36856745479833103 0.3002309468822171
0 0.20166898470097358 0.21362586605080833 0.20723226703755215 0.21478060046189376 0.21001390820584145 0.23094688221709006 0.2211404728789986 0.24364896073903003 0.26425591098748263 0.24480369515011546 0.28789986091794156 0.2517321016166282 0.3198887343532684 0.28983833718244806 0.3240611961057024 0.3071593533487298 0.3129346314325452 0.32678983833718245 0.28372739916550765 0.34757505773672054 0.24200278164116829 0.3510392609699769 0.21696801112656466 0.3406466512702079 0.20027816411682892 0.25981524249422633
0 0.799721835883171 0.394919168591224 0.8386648122392212 0.4006928406466513 0.8511821974965229 0.40993071593533487 0.8609179415855355 0.4284064665127021 0.8595271210013908 0.4445727482678984 0.8247566063977747 0.4907621247113164 0.7969401947148818 0.5138568129330254 0.7051460361613352 0.5046189376443418 0.6981919332406119 0.4953810623556582 0.7023643949930459 0.47113163972286376 0.721835883171071 0.4515011547344111 0.7468706536856745 0.43648960739030024 0.7579972183588317 0.40415704387990764 0.7649513212795549 0.3995381062355658
0 0.9054242002781642 0.4468822170900693 0.9248956884561892 0.4468822170900693 0.9499304589707928 0.45496535796766746 0.9833101529902643 0.48267898383371827 0.9847009735744089 0.5 0.9735744089012517 0.5184757505773672 0.9777468706536857 0.5600461893764435 0.9735744089012517 0.5704387990762124 0.9638386648122392 0.5762124711316398 0.9443671766342142 0.5681293302540416 0.9415855354659249 0.5542725173210161 0.9457579972183588 0.5450346420323325 0.9388038942976356 0.5392609699769053 0.9221140472878998 0.5415704387990762 0.9082058414464534 0.5542725173210161 0.8414464534075105 0.558891454965358 0.8066759388038943 0.5207852193995381 0.8358831710709318 0.46997690531177827 0.8497913769123783 0.45496535796766746 0.8678720445062587 0.4491916859122402
0 0.8817802503477051 0.2909930715935335 0.8887343532684284 0.2909930715935335 0.9221140472878998 0.312933025404157 0.9499304589707928 0.35219399538106233 0.9429763560500696 0.4122401847575058 0.9221140472878998 0.44341801385681295 0.8623087621696801 0.44341801385681295 0.8525730180806675 0.41570438799076215 0.8303198887343533 0.39376443418013857 0.8331015299026425 0.34872979214780603 0.8636995827538247 0.302540415704388
0 0.8094575799721836 0.23672055427251731 0.8497913769123783 0.24018475750577367 0.866481223922114 0.24595842956120093 0.8817802503477051 0.2586605080831409 0.8831710709318498 0.2806004618937644 0.8609179415855355 0.3094688221709007 0.8178025034770514 0.33371824480369516 0.7746870653685675 0.34757505773672054 0.7162726008344924 0.3418013856812933 0.7121001390820584 0.3279445727482679 0.7204450625869263 0.30484988452655887 0.7190542420027817 0.2748267898383372
0 0.47844228094575797 0.21362586605080833 0.502086230876217 0.21709006928406466 0.5299026425591099 0.23210161662817552 0.5493741307371349 0.25057736720554274 0.5507649513212796 0.26558891454965355 0.5424200278164116 0.30484988452655887 0.5034770514603616 0.3094688221709007 0.4659248956884562 0.3302540415704388 0.44645340751043117 0.302540415704388 0.43671766342141866 0.2471131639722864 0.4506258692628651 0.21939953810623555
0 0.4673157162726008 0.07505773672055427 0.4951321279554937 0.07736720554272518 0.5146036161335188 0.08775981524249422 0.5243393602225312 0.09930715935334873 0.5271210013908206 0.12933025404157045 0.502086230876217 0.1766743648960739 0.47983310152990266 0.1951501154734411 0.4520166898470097 0.20554272517321015 0.41307371349095967 0.2066974595842956 0.37830319888734354 0.20092378752886836 0.3671766342141864 0.1905311778290993 0.3671766342141864 0.1789838337182448 0.3574408901251738 0.15935334872979215 0.3588317107093185 0.14434180138568128 0.36995827538247567 0.12471131639722864 0.3908205841446453 0.10854503464203233 0.4478442280945758 0.09353348729792148
0 0.5577190542420027 0.12817551963048499 0.5827538247566064 0.13163972286374134 0.5994436717663422 0.15242494226327943 0.5994436717663422 0.21824480369515012 0.5897079276773296 0.24364896073903003 0.5535465924895688 0.25519630484988454 0.5048678720445062 0.22401847575057737 0.4951321279554937 0.2113163972286374 0.4993045897079277 0.17436489607390301 0.5132127955493742 0.15011547344110854 0.5326842837273992 0.13394919168591224
0 0.6300417246175244 0.15011547344110854 0.6592489568845619 0.15242494226327943 0.6884561891515995 0.1720554272517321 0.6912378303198887 0.24133949191685913 0.6147426981919333 0.24364896073903003 0.6008344923504868 0.24018475750577367 0.5994436717663422 0.1628175519630485 0.6063977746870653 0.1558891454965358
0 0.717663421418637 0.16166281755196305 0.7440890125173852 0.1628175519630485 0.7705146036161336 0.17321016166281755 0.7885952712100139 0.18937644341801385 0.799721835883171 0.2113163972286374 0.7983310152990264 0.23094688221709006 0.7899860917941586 0.24249422632794457 0.7426981919332406 0.2586605080831409 0.7232267037552156 0.27136258660508084 0.6926286509040334 0.23672055427251731 0.6870653685674548 0.20554272517321015 0.6912378303198887 0.17551963048498845
0 0.7315716272600834 0.09122401847575058 0.7705146036161336 0.09468822170900693 0.8025034770514604 0.11316397228637413 0.8122392211404729 0.1351039260969977 0.799721835883171 0.1766743648960739 0.803894297635605 0.20092378752886836 0.7969401947148818 0.1997690531177829 0.7885952712100139 0.1859122401847575 0.7524339360222532 0.1674364896073903 0.7162726008344924 0.16397228637413394 0.694019471488178 0.1697459584295612 0.6856745479833102 0.16397228637413394 0.6815020862308763 0.15242494226327943 0.6856745479833102 0.12240184757505773 0.7037552155771906 0.09930715935334873
0 0.6453407510431154 0.07159353348729793 0.6731571627260083 0.07390300230946882 0.7009735744089013 0.09122401847575058 0.7037552155771906 0.10161662817551963 0.6842837273991655 0.12817551963048499 0.6787204450625869 0.1535796766743649 0.6731571627260083 0.15935334872979215 0.6356050069541029 0.1535796766743649 0.6022253129346314 0.1581986143187067 0.5702364394993046 0.12817551963048499 0.5757997218358831 0.11200923787528869 0.6050069541029207 0.08545034642032333
0 0.061196105702364396 0.1859122401847575 0.09596662030598054 0.18937644341801385 0.11961057023643949 0.20438799076212472 0.13212795549374132 0.22863741339491916 0.13212795549374132 0.2586605080831409 0.10987482614742698 0.2921478060046189 0.055632823365785816 0.31755196304849886 0.012517385257301807 0.325635103926097 0.008344923504867872 0.3163972286374134 0.011126564673157162 0.21824480369515012 0.02920723226703755 0.19861431870669746
0 0.048678720445062586 0.3187066974595843 0.07649513212795549 0.31986143187066973 0.11126564673157163 0.33371824480369516 0.1376912378303199 0.3683602771362587 0.12934631432545202 0.3833718244803695 0.07510431154381085 0.384526558891455 0.05285118219749652 0.3903002309468822 0.012517385257301807 0.40993071593533487 0.008344923504867872 0.32909930715935337 0.016689847009735744 0.3233256351039261
0 0.17524339360222532 0.23672055427251731 0.1933240611961057 0.24018475750577367 0.21279554937413073 0.3418013856812933 0.15299026425591097 0.3568129330254042 0.1404728789986092 0.3418013856812933 0.10013908205841446 0.3302540415704388 0.0890125173852573 0.31524249422632794 0.10152990264255911 0.2909930715935335 0.12517385257301808 0.2702078521939954 0.1349095966620306 0.2528868360277136
0 0.2141863699582754 0.3441108545034642 0.24756606397774686 0.35912240184757505 0.27399165507649514 0.394919168591224 0.2573018080667594 0.41570438799076215 0.24200278164116829 0.42494226327944573 0.16550764951321278 0.43187066974595845 0.1404728789986092 0.41454965357967666 0.13073713490959665 0.39376443418013857 0.13073713490959665 0.37990762124711314 0.14881780250347706 0.3625866050808314
0 0.41307371349095967 0.37990762124711314 0.4534075104311544 0.3856812933025404 0.4714881780250348 0.3995381062355658 0.4756606397774687 0.42609699769053117 0.46870653685674546 0.45381062355658197 0.4478442280945758 0.4745958429561201 0.40611961057023643 0.49653579676674364 0.37830319888734354 0.5034642032332564 0.35465924895688455 0.5023094688221709 0.34075104311543813 0.4942263279445728 0.33518776077885953 0.48267898383371827 0.3337969401947149 0.4653579676674365 0.34075104311543813 0.44226327944572746 0.36995827538247567 0.40300230946882215 0.39221140472878996 0.3856812933025404
0 0.12517385257301808 0.4653579676674365 0.15159944367176634 0.4676674364896074 0.16968011126564672 0.48498845265588914 0.1835883171070932 0.5092378752886836 0.1905424200278164 0.5473441108545035 0.1780250347705146 0.5842956120092379 0.10848400556328233 0.5877598152424942 0.08762169680111266 0.5785219399538106 0.07510431154381085 0.5577367205542725 0.07232267037552156 0.5438799076212472 0.09040333796940195 0.4907621247113164 0.10292072322670376 0.4745958429561201
0 0.2267037552155772 0.5138568129330254 0.2767732962447844 0.5334872979214781 0.282336578581363 0.5854503464203233 0.2712100139082058 0.5912240184757506 0.2336578581363004 0.5900692840646651 0.18915159944367177 0.5958429561200924 0.17663421418636996 0.581986143187067 0.18219749652294853 0.5519630484988453 0.20166898470097358 0.5219399538106235
0 0.34075104311543813 0.5011547344110855 0.3616133518776078 0.5057736720554272 0.37273991655076494 0.5161662817551963 0.37552155771905427 0.5473441108545035 0.38803894297635605 0.5842956120092379 0.3810848400556328 0.5946882217090069 0.36300417246175243 0.5969976905311778 0.33101529902642557 0.6108545034642032 0.31710709318497915 0.6108545034642032 0.2906815020862309 0.5912240184757506 0.28929068150208626 0.5323325635103926
0 0.24061196105702365 0.418013856812933 0.24756606397774686 0.41916859122401845 0.24756606397774686 0.43187066974595845 0.2364394993045897 0.4468822170900693 0.22809457579972184 0.4780600461893764 0.2336578581363004 0.5184757505773672 0.1780250347705146 0.5103926096997691 0.15577190542420027 0.47575057736720555 0.15855354659248957 0.4515011547344111 0.1905424200278164 0.43187066974595845
0 0.012517385257301807 0.45958429561200925 0.04728789986091794 0.47344110854503463 0.09596662030598054 0.4722863741339492 0.1043115438108484 0.4780600461893764 0.08066759388038942 0.5369515011547344 0.059805285118219746 0.5519630484988453 0.02364394993045897 0.5542725173210161 0.012517385257301807 0.5519630484988453 0.008344923504867872 0.546189376443418 0.008344923504867872 0.46882217090069284
0 0.012517385257301807 0.5508083140877598 0.07510431154381085 0.5635103926096998 0.0890125173852573 0.5854503464203233 0.11126564673157163 0.5935334872979214 0.054242002781641166 0.6535796766743649 0.03894297635605007 0.6605080831408776 0.01808066759388039 0.6535796766743649 0.011126564673157162 0.6454965357967667 0.008344923504867872 0.5565819861431871
0 0.3087621696801113 0.1951501154734411 0.3588317107093185 0.1997690531177829 0.40751043115438107 0.2251732101616628 0.4422809457579972 0.25981524249422633 0.44645340751043117 0.29445727482678985 0.40333796940194716 0.28868360277136257 0.3588317107093185 0.30484988452655887 0.33101529902642557 0.29907621247113164 0.28929068150208626 0.25635103926096997 0.282336578581363 0.24133949191685913 0.2795549374130737 0.20785219399538107