0 0.5055555555555555 0.3374045801526718 0.5458333333333333 0.3450381679389313 0.5916666666666667 0.3786259541984733 0.6222222222222222 0.4183206106870229 0.6527777777777778 0.4854961832061069 0.6638888888888889 0.5236641221374045 0.6680555555555555 0.583206106870229 0.6125 0.6458015267175573 0.5805555555555556 0.648854961832061 0.5388888888888889 0.6290076335877862 0.5152777777777777 0.6 0.49583333333333335 0.5587786259541985 0.47638888888888886 0.47480916030534354 0.4736111111111111 0.3893129770992366 0.48333333333333334 0.35419847328244275
0 0.6541666666666667 0.6229007633587786 0.6791666666666667 0.6274809160305344 0.7166666666666667 0.648854961832061 0.7305555555555555 0.6641221374045801 0.7638888888888888 0.732824427480916 0.7847222222222222 0.8 0.7875 0.8748091603053435 0.7805555555555556 0.9236641221374046 0.7569444444444444 0.9633587786259542 0.7222222222222222 0.983206106870229 0.6819444444444445 0.981679389312977 0.65 0.9526717557251908 0.6222222222222222 0.9038167938931297 0.6083333333333333 0.8595419847328244 0.5986111111111111 0.8488549618320611 0.5763888888888888 0.76793893129771 0.5722222222222222 0.7068702290076336 0.5847222222222223 0.6580152671755726 0.6152777777777778 0.6458015267175573 0.6333333333333333 0.6274809160305344
0 0.3402777777777778 0.5725190839694656 0.3763888888888889 0.5770992366412214 0.41944444444444445 0.5984732824427481 0.4875 0.6763358778625954 0.5027777777777778 0.7099236641221374 0.5041666666666667 0.7633587786259542 0.49583333333333335 0.7877862595419848 0.4847222222222222 0.8015267175572519 0.45 0.815267175572519 0.4152777777777778 0.8137404580152672 0.3638888888888889 0.783206106870229 0.34305555555555556 0.7541984732824427 0.30972222222222223 0.6931297709923664 0.29444444444444445 0.6473282442748092 0.29444444444444445 0.6183206106870229 0.3013888888888889 0.5938931297709924 0.31527777777777777 0.5801526717557252
0 0.36666666666666664 0.216793893129771 0.4375 0.22595419847328244 0.45694444444444443 0.23511450381679388 0.4861111111111111 0.26106870229007634 0.49722222222222223 0.2870229007633588 0.4986111111111111 0.32061068702290074 0.49444444444444446 0.3419847328244275 0.48333333333333334 0.35877862595419846 0.43333333333333335 0.39541984732824426 0.39166666666666666 0.40458015267175573 0.3375 0.40610687022900765 0.25833333333333336 0.3938931297709924 0.22777777777777777 0.39541984732824426 0.21666666666666667 0.3893129770992366 0.20555555555555555 0.36793893129770994 0.20555555555555555 0.34045801526717556 0.2152777777777778 0.3083969465648855 0.2388888888888889 0.2641221374045801 0.27361111111111114 0.2366412213740458 0.3125 0.22290076335877862
0 0.6486111111111111 0.31297709923664124 0.7347222222222223 0.3145038167938931 0.7680555555555556 0.33435114503816793 0.7888888888888889 0.36793893129770994 0.7902777777777777 0.3984732824427481 0.7833333333333333 0.42290076335877863 0.7569444444444444 0.4442748091603053 0.6902777777777778 0.46412213740458014 0.6666666666666666 0.46564885496183206 0.65 0.4580152671755725 0.6041666666666666 0.39083969465648855 0.5680555555555555 0.35725190839694654 0.5875 0.34045801526717556
0 0.8472222222222222 0.1282442748091603 0.8611111111111112 0.13282442748091602 0.8777777777777778 0.1618320610687023 0.9541666666666667 0.24122137404580152 0.9777777777777777 0.2916030534351145 0.9791666666666666 0.33893129770992364 0.9736111111111111 0.3603053435114504 0.9555555555555556 0.3847328244274809 0.925 0.4030534351145038 0.8722222222222222 0.3893129770992366 0.8319444444444445 0.3709923664122137 0.7930555555555555 0.3297709923664122 0.7805555555555556 0.300763358778626 0.7708333333333334 0.22748091603053436 0.7736111111111111 0.18778625954198475 0.8013888888888889 0.15114503816793892
0 0.6527777777777778 0.0900763358778626 0.6805555555555556 0.09312977099236641 0.7152777777777778 0.1099236641221374 0.7402777777777778 0.13740458015267176 0.7625 0.17709923664122137 0.7638888888888888 0.20610687022900764 0.7555555555555555 0.23969465648854962 0.7277777777777777 0.28091603053435116 0.6847222222222222 0.28396946564885495 0.6472222222222223 0.26717557251908397 0.6180555555555556 0.2381679389312977 0.5930555555555556 0.18931297709923664 0.5930555555555556 0.17709923664122137 0.6125 0.1450381679389313 0.6277777777777778 0.10381679389312977
0 0.46944444444444444 0 0.5958333333333333 0 0.6083333333333333 0.013740458015267175 0.6194444444444445 0.06259541984732825 0.6166666666666667 0.11908396946564885 0.5986111111111111 0.1648854961832061 0.5833333333333334 0.18167938931297709 0.5708333333333333 0.18778625954198475 0.5277777777777778 0.183206106870229 0.4930555555555556 0.16793893129770993 0.46944444444444444 0.1435114503816794 0.4625 0.1282442748091603 0.4597222222222222 0.0900763358778626 0.4625 0.025954198473282442
0 0.7416666666666667 0.46564885496183206 0.7638888888888888 0.46564885496183206 0.7916666666666666 0.4763358778625954 0.8347222222222223 0.517557251908397 0.8319444444444445 0.5709923664122137 0.8152777777777778 0.6061068702290077 0.7916666666666666 0.6290076335877862 0.7486111111111111 0.6473282442748092 0.7152777777777778 0.6442748091603053 0.6833333333333333 0.6335877862595419 0.6722222222222223 0.6198473282442748 0.6638888888888889 0.5786259541984733 0.6625 0.5145038167938931 0.675 0.4870229007633588 0.6944444444444444 0.47480916030534354
0 0.8458333333333333 0.5114503816793893 0.8763888888888889 0.516030534351145 0.9125 0.5389312977099237 0.9583333333333334 0.5908396946564886 0.9916666666666667 0.6412213740458015 1 0.667175572519084 1 0.8381679389312977 0.9652777777777778 0.8442748091603054 0.9222222222222223 0.8290076335877863 0.875 0.7877862595419848 0.8569444444444444 0.7541984732824427 0.8347222222222223 0.6977099236641221 0.8208333333333333 0.6335877862595419 0.8208333333333333 0.6030534351145038 0.8333333333333334 0.5267175572519084
0 0.3055555555555556 0.7908396946564885 0.39305555555555555 0.8076335877862595 0.44305555555555554 0.8259541984732824 0.4736111111111111 0.8687022900763359 0.49166666666666664 0.9083969465648855 0.49166666666666664 0.9633587786259542 0.4847222222222222 1 0.25416666666666665 1 0.2388888888888889 0.9877862595419847 0.2222222222222222 0.9541984732824428 0.21388888888888888 0.9129770992366413 0.21388888888888888 0.8793893129770992 0.22361111111111112 0.8381679389312977 0.2388888888888889 0.8076335877862595
0 0.2388888888888889 0.6122137404580152 0.2916666666666667 0.6351145038167939 0.3263888888888889 0.7221374045801526 0.32083333333333336 0.751145038167939 0.29444444444444445 0.7862595419847328 0.26944444444444443 0.8015267175572519 0.24444444444444444 0.8076335877862595 0.21388888888888888 0.8030534351145038 0.1875 0.7862595419847328 0.1625 0.7389312977099237 0.1625 0.6778625954198473 0.17222222222222222 0.6519083969465649 0.19305555555555556 0.6259541984732825
0 0.09444444444444444 0.2916030534351145 0.1388888888888889 0.2931297709923664 0.15555555555555556 0.30229007633587784 0.2 0.34961832061068704 0.2125 0.3816793893129771 0.22916666666666666 0.3969465648854962 0.2375 0.4442748091603053 0.25555555555555554 0.49923664122137407 0.2222222222222222 0.5435114503816794 0.2152777777777778 0.5633587786259542 0.19305555555555556 0.5480916030534351 0.17916666666666667 0.5541984732824428 0.1625 0.5526717557251909 0.11666666666666667 0.5343511450381679 0.08472222222222223 0.5022900763358779 0.059722222222222225 0.4534351145038168 0.04722222222222222 0.4076335877862595 0.04722222222222222 0.35419847328244275 0.06111111111111111 0.31297709923664124 0.07222222222222222 0.29923664122137406
0 0.1986111111111111 0 0.3055555555555556 0 0.33194444444444443 0.025954198473282442 0.3486111111111111 0.06564885496183206 0.35 0.1251908396946565 0.3388888888888889 0.17557251908396945 0.31527777777777777 0.21221374045801528 0.2833333333333333 0.22748091603053436 0.20277777777777778 0.22900763358778625 0.18888888888888888 0.1969465648854962 0.2013888888888889 0.17251908396946564 0.19305555555555556 0.1297709923664122
0 0.008333333333333333 0.12213740458015267 0.09722222222222222 0.13435114503816795 0.1486111111111111 0.1618320610687023 0.18055555555555555 0.2015267175572519 0.17777777777777778 0.2366412213740458 0.1625 0.2564885496183206 0.1375 0.27022900763358776 0.059722222222222225 0.27938931297709924 0.011111111111111112 0.2687022900763359 0 0.2564885496183206 0 0.12366412213740458
0 0 0.6396946564885496 0.04861111111111111 0.6519083969465649 0.06666666666666667 0.665648854961832 0.09444444444444444 0.7068702290076336 0.10694444444444444 0.7572519083969466 0.10555555555555556 0.8213740458015267 0.09166666666666666 0.8534351145038168 0.07361111111111111 0.8748091603053435 0.019444444444444445 0.899236641221374 0 0.899236641221374 0 0.7908396946564885 0.006944444444444444 0.7770992366412214 0 0.7374045801526717
0 0 0.35572519083969467 0.025 0.37251908396946565 0.04583333333333333 0.37709923664122136 0.05555555555555555 0.433587786259542 0.08333333333333333 0.5145038167938931 0.08055555555555556 0.5541984732824428 0.06805555555555555 0.583206106870229 0.043055555555555555 0.6106870229007634 0.030555555555555555 0.6152671755725191 0 0.6091603053435114 0 0.5541984732824428 0.006944444444444444 0.5114503816793893 0.006944444444444444 0.4778625954198473 0 0.4580152671755725
0 0.25 0.39083969465648855 0.3902777777777778 0.4152671755725191 0.3958333333333333 0.4259541984732824 0.39444444444444443 0.45038167938931295 0.3875 0.4778625954198473 0.37222222222222223 0.5053435114503817 0.3416666666666667 0.5251908396946565 0.28055555555555556 0.5267175572519084 0.24722222222222223 0.48396946564885496 0.23055555555555557 0.4381679389312977 0.22916666666666666 0.3984732824427481
0 0.4666666666666667 0.3755725190839695 0.475 0.37709923664122136 0.48055555555555557 0.48244274809160304 0.4875 0.5190839694656488 0.5027777777777778 0.5679389312977099 0.5291666666666667 0.6183206106870229 0.5222222222222223 0.6290076335877862 0.4847222222222222 0.6366412213740458 0.45555555555555555 0.6335877862595419 0.4222222222222222 0.6030534351145038 0.4111111111111111 0.5801526717557252 0.4027777777777778 0.5312977099236641 0.4027777777777778 0.4854961832061069 0.4111111111111111 0.4305343511450382 0.4486111111111111 0.40610687022900765 0.44166666666666665 0.3938931297709924 0.4597222222222222 0.38778625954198476
0 0.4527777777777778 0.13282442748091602 0.4652777777777778 0.13587786259541984 0.4986111111111111 0.17404580152671756 0.5291666666666667 0.19389312977099238 0.5680555555555555 0.2 0.5833333333333334 0.19236641221374046 0.6083333333333333 0.2152671755725191 0.6402777777777777 0.2641221374045801 0.6083333333333333 0.3297709923664122 0.5638888888888889 0.33893129770992364 0.5083333333333333 0.32061068702290074 0.4986111111111111 0.28091603053435116 0.4875 0.2641221374045801 0.45694444444444443 0.2381679389312977 0.43194444444444446 0.22748091603053436 0.42777777777777776 0.2198473282442748 0.42916666666666664 0.16793893129770993 0.44027777777777777 0.14045801526717558
0 0.8111111111111111 0 0.8486111111111111 0.0061068702290076335 0.8708333333333333 0.03816793893129771 0.8708333333333333 0.06412213740458016 0.8527777777777777 0.1251908396946565 0.7986111111111112 0.15419847328244274 0.7583333333333333 0.1618320610687023 0.7458333333333333 0.15419847328244274 0.7319444444444444 0.1282442748091603 0.7111111111111111 0.1083969465648855 0.6597222222222222 0.0900763358778626 0.6694444444444444 0.050381679389312976 0.7027777777777777 0.0183206106870229 0.7333333333333333 0.004580152671755725
0 0.9472222222222222 0 0.9722222222222222 0 1 0.015267175572519083 1 0.1267175572519084 0.9916666666666667 0.1465648854961832 0.9666666666666667 0.17099236641221374 0.9236111111111112 0.18931297709923664 0.9097222222222222 0.18931297709923664 0.8722222222222222 0.15725190839694655 0.8555555555555555 0.1251908396946565 0.8583333333333333 0.10687022900763359 0.8819444444444444 0.03816793893129771 0.8958333333333334 0.022900763358778626
0 0.18611111111111112 0.025954198473282442 0.19305555555555556 0.025954198473282442 0.1986111111111111 0.03816793893129771 0.19444444444444445 0.13740458015267176 0.18888888888888888 0.15572519083969466 0.1486111111111111 0.16030534351145037 0.10416666666666667 0.13587786259541984 0.059722222222222225 0.1251908396946565 0.06527777777777778 0.10229007633587786 0.10416666666666667 0.050381679389312976 0.14027777777777778 0.03206106870229008 0.17083333333333334 0.03358778625954199
0 0.075 0.4961832061068702 0.125 0.5343511450381679 0.1763888888888889 0.5511450381679389 0.1875 0.5725190839694656 0.19027777777777777 0.5862595419847328 0.17777777777777778 0.6091603053435114 0.1736111111111111 0.6366412213740458 0.15138888888888888 0.6732824427480916 0.14027777777777778 0.6732824427480916 0.12638888888888888 0.6625954198473283 0.06527777777777778 0.6396946564885496 0.05 0.6412213740458015 0.0375 0.6305343511450382 0.0375 0.6213740458015267 0.04861111111111111 0.616793893129771 0.06527777777777778 0.5877862595419847
0 0.55 0.7603053435114504 0.5708333333333333 0.7633587786259542 0.5805555555555556 0.7801526717557252 0.5805555555555556 0.7938931297709924 0.5569444444444445 0.833587786259542 0.5402777777777777 0.8839694656488549 0.4930555555555556 0.9099236641221374 0.4861111111111111 0.8763358778625954 0.49027777777777776 0.8610687022900764 0.4638888888888889 0.8229007633587786 0.46111111111111114 0.8106870229007633 0.4888888888888889 0.7969465648854962 0.5055555555555555 0.766412213740458