0 0.5027777777777778 0.628125 0.5347222222222222 0.6291666666666667 0.5638888888888889 0.6447916666666667 0.5916666666666667 0.6833333333333333 0.5958333333333333 0.71875 0.5847222222222223 0.7520833333333333 0.5569444444444445 0.7927083333333333 0.5402777777777777 0.8333333333333334 0.5180555555555556 0.8489583333333334 0.4888888888888889 0.8520833333333333 0.46944444444444444 0.84375 0.43333333333333335 0.803125 0.4263888888888889 0.7489583333333333 0.42777777777777776 0.6927083333333334 0.4388888888888889 0.6645833333333333 0.45416666666666666 0.646875
0 0.42777777777777776 0.6125 0.45 0.615625 0.45694444444444443 0.6447916666666667 0.425 0.6979166666666666 0.4125 0.709375 0.37916666666666665 0.7302083333333333 0.3194444444444444 0.7489583333333333 0.28194444444444444 0.74375 0.25277777777777777 0.7322916666666667 0.24861111111111112 0.71875 0.25416666666666665 0.7041666666666667 0.32083333333333336 0.6229166666666667 0.3277777777777778 0.6197916666666666 0.39444444444444443 0.61875
0 0.31805555555555554 0.5052083333333334 0.3375 0.5052083333333334 0.3819444444444444 0.5166666666666667 0.47638888888888886 0.553125 0.49027777777777776 0.5677083333333334 0.48194444444444445 0.5947916666666667 0.44166666666666665 0.6145833333333334 0.35833333333333334 0.6229166666666667 0.2833333333333333 0.6114583333333333 0.24583333333333332 0.5989583333333334 0.225 0.5791666666666667 0.22361111111111112 0.5520833333333334 0.22916666666666666 0.5395833333333333 0.2513888888888889 0.5197916666666667
0 0.3402777777777778 0.3958333333333333 0.3875 0.409375 0.39861111111111114 0.4197916666666667 0.3972222222222222 0.44479166666666664 0.3736111111111111 0.47291666666666665 0.3388888888888889 0.4979166666666667 0.3236111111111111 0.503125 0.2875 0.5083333333333333 0.24444444444444444 0.5208333333333334 0.2125 0.5104166666666666 0.1986111111111111 0.4979166666666667 0.19027777777777777 0.4625 0.19305555555555556 0.4427083333333333 0.2111111111111111 0.42291666666666666 0.2361111111111111 0.41041666666666665 0.29444444444444445 0.40520833333333334
0 0.5041666666666667 0.38645833333333335 0.5222222222222223 0.38645833333333335 0.5583333333333333 0.39791666666666664 0.575 0.415625 0.5722222222222222 0.45625 0.5638888888888889 0.47291666666666665 0.5458333333333333 0.48854166666666665 0.4847222222222222 0.5229166666666667 0.4444444444444444 0.5354166666666667 0.41805555555555557 0.5333333333333333 0.3402777777777778 0.5072916666666667 0.3458333333333333 0.49270833333333336 0.43472222222222223 0.4125
0 0.5125 0.2947916666666667 0.5277777777777778 0.2947916666666667 0.5458333333333333 0.303125 0.5569444444444445 0.3177083333333333 0.5569444444444445 0.33125 0.5402777777777777 0.35520833333333335 0.5027777777777778 0.3854166666666667 0.4722222222222222 0.39895833333333336 0.43333333333333335 0.409375 0.38055555555555554 0.4114583333333333 0.3527777777777778 0.4 0.3472222222222222 0.39166666666666666 0.3458333333333333 0.365625 0.3611111111111111 0.3375 0.375 0.3260416666666667 0.41388888888888886 0.30625
0 0.4777777777777778 0.16875 0.5138888888888888 0.178125 0.5125 0.20416666666666666 0.5347222222222222 0.240625 0.5319444444444444 0.26666666666666666 0.5166666666666667 0.290625 0.5069444444444444 0.296875 0.48055555555555557 0.30416666666666664 0.41805555555555557 0.3072916666666667 0.37083333333333335 0.29583333333333334 0.34305555555555556 0.28229166666666666 0.2902777777777778 0.26666666666666666 0.2777777777777778 0.25833333333333336 0.2777777777777778 0.24270833333333333 0.28888888888888886 0.22395833333333334 0.3375 0.18645833333333334 0.4263888888888889 0.18125 0.4513888888888889 0.184375 0.46111111111111114 0.175
0 0.24583333333333332 0.15729166666666666 0.3194444444444444 0.16145833333333334 0.3402777777777778 0.178125 0.3375 0.190625 0.2875 0.23229166666666667 0.2722222222222222 0.2625 0.24305555555555555 0.278125 0.19444444444444445 0.28229166666666666 0.175 0.28958333333333336 0.1375 0.2875 0.11388888888888889 0.28125 0.09722222222222222 0.2604166666666667 0.09444444444444444 0.2375 0.11666666666666667 0.2 0.16527777777777777 0.16979166666666667 0.19027777777777777 0.1625
0 0.06111111111111111 0.28020833333333334 0.1111111111111111 0.28125 0.18055555555555555 0.29791666666666666 0.21805555555555556 0.32916666666666666 0.22361111111111112 0.35833333333333334 0.23472222222222222 0.3770833333333333 0.23333333333333334 0.38645833333333335 0.20416666666666666 0.4 0.15416666666666667 0.4010416666666667 0.11944444444444445 0.3802083333333333 0.058333333333333334 0.353125 0.03611111111111111 0.33125 0.03194444444444444 0.31354166666666666 0.03888888888888889 0.28958333333333336
0 0.04722222222222222 0.35208333333333336 0.11527777777777778 0.375 0.15833333333333333 0.40729166666666666 0.1875 0.44583333333333336 0.19444444444444445 0.4625 0.1986111111111111 0.5010416666666667 0.19166666666666668 0.5125 0.17916666666666667 0.5135416666666667 0.15138888888888888 0.503125 0.08611111111111111 0.48854166666666665 0.04722222222222222 0.47291666666666665 0.0125 0.446875 0 0.41354166666666664 0 0.3625 0.011111111111111112 0.3572916666666667
0 0.03888888888888889 0.4822916666666667 0.06388888888888888 0.4822916666666667 0.14444444444444443 0.496875 0.18333333333333332 0.5114583333333333 0.21944444444444444 0.546875 0.21944444444444444 0.58125 0.21388888888888888 0.5885416666666666 0.18333333333333332 0.6 0.10416666666666667 0.6052083333333333 0.07083333333333333 0.6135416666666667 0.04027777777777778 0.6125 0.013888888888888888 0.603125 0 0.5864583333333333 0 0.496875 0.008333333333333333 0.490625
0 0.20277777777777778 0.5979166666666667 0.2152777777777778 0.5979166666666667 0.22083333333333333 0.6020833333333333 0.23333333333333334 0.6270833333333333 0.22916666666666666 0.6666666666666666 0.21666666666666667 0.6989583333333333 0.17916666666666667 0.7260416666666667 0.1375 0.7385416666666667 0.08611111111111111 0.7125 0.07222222222222222 0.7010416666666667 0.05694444444444444 0.6604166666666667 0.058333333333333334 0.6479166666666667 0.10555555555555556 0.6229166666666667
0 0.2777777777777778 0.6458333333333334 0.2916666666666667 0.646875 0.2916666666666667 0.659375 0.25416666666666665 0.7114583333333333 0.25277777777777777 0.725 0.2638888888888889 0.7354166666666667 0.30833333333333335 0.746875 0.31527777777777777 0.7520833333333333 0.31666666666666665 0.7625 0.2986111111111111 0.7875 0.2791666666666667 0.8020833333333334 0.2513888888888889 0.8145833333333333 0.23333333333333334 0.8177083333333334 0.22361111111111112 0.8135416666666667 0.20972222222222223 0.7822916666666667 0.17222222222222222 0.759375 0.16666666666666666 0.7447916666666666 0.18194444444444444 0.7197916666666667 0.20972222222222223 0.6989583333333333 0.22083333333333333 0.6739583333333333 0.23472222222222222 0.6572916666666667
0 0.39444444444444443 0.7208333333333333 0.40694444444444444 0.7208333333333333 0.4027777777777778 0.734375 0.4111111111111111 0.74375 0.40694444444444444 0.8083333333333333 0.3763888888888889 0.8458333333333333 0.3680555555555556 0.8489583333333334 0.34444444444444444 0.846875 0.3263888888888889 0.8395833333333333 0.3138888888888889 0.8208333333333333 0.3111111111111111 0.7572916666666667 0.32222222222222224 0.7458333333333333 0.38333333333333336 0.73125
0 0.6305555555555555 0.6197916666666666 0.6736111111111112 0.628125 0.7430555555555556 0.678125 0.7805555555555556 0.721875 0.7833333333333333 0.7572916666666667 0.7763888888888889 0.771875 0.7458333333333333 0.7760416666666666 0.7180555555555556 0.7895833333333333 0.6625 0.775 0.6291666666666667 0.759375 0.5986111111111111 0.7229166666666667 0.5875 0.678125 0.5652777777777778 0.640625 0.5888888888888889 0.628125
0 0.6888888888888889 0.6083333333333333 0.7138888888888889 0.609375 0.7541666666666667 0.61875 0.8236111111111111 0.64375 0.8527777777777777 0.66875 0.8597222222222223 0.6927083333333334 0.8555555555555555 0.7104166666666667 0.8236111111111111 0.7229166666666667 0.8097222222222222 0.7229166666666667 0.7736111111111111 0.7125 0.7277777777777777 0.6666666666666666 0.6736111111111112 0.6322916666666667 0.6708333333333333 0.6208333333333333
0 0.8833333333333333 0.534375 0.9236111111111112 0.5416666666666666 0.9375 0.5572916666666666 0.9402777777777778 0.5697916666666667 0.9152777777777777 0.6177083333333333 0.8944444444444445 0.634375 0.8652777777777778 0.6447916666666667 0.8569444444444444 0.6604166666666667 0.8416666666666667 0.659375 0.8180555555555555 0.6416666666666667 0.7805555555555556 0.6291666666666667 0.7222222222222222 0.6145833333333334 0.6791666666666667 0.6125 0.6458333333333334 0.5927083333333333 0.6444444444444445 0.58125 0.65 0.5791666666666667 0.6569444444444444 0.584375 0.6597222222222222 0.5802083333333333 0.6597222222222222 0.56875 0.6513888888888889 0.5541666666666667 0.6569444444444444 0.540625 0.7208333333333333 0.5458333333333333 0.7708333333333334 0.5354166666666667 0.8680555555555556 0.5375
0 0.8305555555555556 0.3958333333333333 0.8638888888888889 0.4 0.8875 0.4114583333333333 0.9027777777777778 0.42604166666666665 0.9125 0.44479166666666664 0.9180555555555555 0.5083333333333333 0.8722222222222222 0.5364583333333334 0.8166666666666667 0.5333333333333333 0.7805555555555556 0.5145833333333333 0.7736111111111111 0.5052083333333334 0.7680555555555556 0.46875 0.7763888888888889 0.44479166666666664 0.7986111111111112 0.4083333333333333 0.8097222222222222 0.4010416666666667
0 0.6013888888888889 0.41458333333333336 0.6625 0.42291666666666666 0.7222222222222222 0.44375 0.7527777777777778 0.4625 0.7652777777777777 0.47708333333333336 0.775 0.5083333333333333 0.7666666666666667 0.5291666666666667 0.7513888888888889 0.5416666666666666 0.7138888888888889 0.5479166666666667 0.6486111111111111 0.5354166666666667 0.5847222222222223 0.49270833333333336 0.5652777777777778 0.46875 0.5708333333333333 0.44583333333333336 0.5694444444444444 0.41875
0 0.6180555555555556 0.321875 0.6458333333333334 0.32395833333333335 0.6958333333333333 0.33958333333333335 0.7875 0.39166666666666666 0.7958333333333333 0.4114583333333333 0.7944444444444444 0.428125 0.7736111111111111 0.453125 0.7444444444444445 0.453125 0.7055555555555556 0.4375 0.6333333333333333 0.4166666666666667 0.5888888888888889 0.38229166666666664 0.5763888888888888 0.365625 0.5763888888888888 0.3458333333333333 0.5972222222222222 0.32708333333333334
0 0.8166666666666667 0.296875 0.85 0.2989583333333333 0.8791666666666667 0.3104166666666667 0.8944444444444445 0.32708333333333334 0.8972222222222223 0.34479166666666666 0.8819444444444444 0.371875 0.7819444444444444 0.38958333333333334 0.7402777777777778 0.3645833333333333 0.7305555555555555 0.3541666666666667 0.7305555555555555 0.3416666666666667 0.7555555555555555 0.3229166666666667
0 0.6944444444444444 0.240625 0.7375 0.24479166666666666 0.7833333333333333 0.265625 0.7972222222222223 0.2833333333333333 0.8013888888888889 0.30416666666666664 0.7430555555555556 0.33125 0.7236111111111111 0.3458333333333333 0.7083333333333334 0.3458333333333333 0.6347222222222222 0.32708333333333334 0.6083333333333333 0.328125 0.6055555555555555 0.31666666666666665 0.6152777777777778 0.309375 0.6416666666666667 0.2635416666666667 0.6652777777777777 0.24895833333333334
0 0.5708333333333333 0.14479166666666668 0.5958333333333333 0.146875 0.6236111111111111 0.16041666666666668 0.6416666666666667 0.18541666666666667 0.6458333333333334 0.203125 0.6416666666666667 0.25729166666666664 0.6319444444444444 0.28020833333333334 0.5958333333333333 0.31979166666666664 0.5736111111111111 0.3229166666666667 0.5625 0.31979166666666664 0.525 0.2916666666666667 0.5333333333333333 0.24270833333333333 0.5152777777777777 0.20833333333333334 0.5180555555555556 0.18958333333333333 0.5347222222222222 0.16458333333333333 0.5527777777777778 0.15104166666666666
0 0.5763888888888888 0.5135416666666667 0.6194444444444445 0.5208333333333334 0.6388888888888888 0.5302083333333333 0.6458333333333334 0.5385416666666667 0.6444444444444445 0.5739583333333333 0.6291666666666667 0.6 0.6055555555555555 0.6229166666666667 0.5625 0.6354166666666666 0.4888888888888889 0.6229166666666667 0.4791666666666667 0.6125 0.4791666666666667 0.6020833333333333 0.5013888888888889 0.5510416666666667 0.5277777777777778 0.5302083333333333
0 0.2763888888888889 0.2604166666666667 0.33055555555555555 0.27395833333333336 0.35833333333333334 0.2875 0.36527777777777776 0.303125 0.36666666666666664 0.3302083333333333 0.35555555555555557 0.35520833333333335 0.3375 0.3729166666666667 0.31527777777777777 0.38229166666666664 0.25833333333333336 0.38645833333333335 0.2388888888888889 0.38229166666666664 0.225 0.371875 0.21666666666666667 0.3541666666666667 0.2152777777777778 0.32916666666666666 0.2375 0.28854166666666664