0 0.575 0.6640625 0.5958333333333333 0.6640625 0.6458333333333334 0.678125 0.6625 0.690625 0.69375 0.7296875 0.7145833333333333 0.784375 0.725 0.8328125 0.7208333333333333 0.871875 0.6479166666666667 0.965625 0.5791666666666667 0.9390625 0.53125 0.8984375 0.4895833333333333 0.8265625 0.48333333333333334 0.7453125 0.49375 0.715625 0.5333333333333333 0.6765625
0 0.83125 0.5921875 0.9270833333333334 0.6078125 0.94375 0.6546875 0.9395833333333333 0.6875 0.9083333333333333 0.734375 0.8604166666666667 0.775 0.8 0.8140625 0.7416666666666667 0.83125 0.73125 0.840625 0.71875 0.83125 0.7041666666666667 0.75625 0.6791666666666667 0.7125 0.6791666666666667 0.7 0.7145833333333333 0.65 0.7520833333333333 0.615625 0.7916666666666666 0.5984375
0 0.7729166666666667 0.365625 0.84375 0.36875 0.9229166666666667 0.3890625 0.95625 0.4203125 0.9625 0.4703125 0.9416666666666667 0.4890625 0.8979166666666667 0.5046875 0.8854166666666666 0.515625 0.85 0.515625 0.7875 0.5296875 0.6729166666666667 0.53125 0.6458333333333334 0.5265625 0.56875 0.4578125 0.575 0.4234375 0.6041666666666666 0.4 0.6375 0.3875 0.6895833333333333 0.375
0 0.5833333333333334 0.1859375 0.6833333333333333 0.1984375 0.7645833333333333 0.2359375 0.8375 0.290625 0.8479166666666667 0.3109375 0.8416666666666667 0.3359375 0.8 0.3640625 0.71875 0.375 0.675 0.3734375 0.5958333333333333 0.35 0.5375 0.3125 0.5083333333333333 0.2703125 0.5125 0.2375 0.5291666666666667 0.2109375 0.5541666666666667 0.1921875
0 0.25625 0.053125 0.33541666666666664 0.059375 0.4270833333333333 0.0890625 0.48333333333333334 0.11875 0.5104166666666666 0.140625 0.5229166666666667 0.1640625 0.51875 0.225 0.4666666666666667 0.246875 0.3875 0.25 0.3333333333333333 0.2421875 0.24166666666666667 0.2078125 0.20625 0.1796875 0.18958333333333333 0.15 0.18541666666666667 0.1 0.21666666666666667 0.0671875
0 0.075 0.2328125 0.09583333333333334 0.2328125 0.13125 0.246875 0.15208333333333332 0.2640625 0.1625 0.2859375 0.1625 0.365625 0.14791666666666667 0.3828125 0.11666666666666667 0.3953125 0.06875 0.3953125 0.035416666666666666 0.3875 0.004166666666666667 0.3578125 0.0020833333333333333 0.3421875 0.022916666666666665 0.2703125 0.05 0.2390625
0 0.2375 0.209375 0.32708333333333334 0.240625 0.38333333333333336 0.29375 0.39375 0.321875 0.39375 0.3515625 0.3770833333333333 0.3875 0.34791666666666665 0.40625 0.2833333333333333 0.409375 0.2625 0.403125 0.2520833333333333 0.390625 0.22916666666666666 0.3875 0.20625 0.371875 0.17291666666666666 0.3296875 0.16458333333333333 0.303125 0.17083333333333334 0.2484375 0.19583333333333333 0.2234375
0 0.00625 0.3875 0.11458333333333333 0.396875 0.15625 0.4125 0.175 0.428125 0.2 0.465625 0.2125 0.5203125 0.20625 0.55625 0.2125 0.6046875 0.20625 0.6109375 0.17916666666666667 0.615625 0.07916666666666666 0.6125 0.029166666666666667 0.5828125 0.00625 0.54375 0.008333333333333333 0.5046875 0 0.4796875 0 0.390625
0 0.0625 0.6125 0.21666666666666667 0.6203125 0.30833333333333335 0.6609375 0.3625 0.7046875 0.38333333333333336 0.7375 0.3854166666666667 0.76875 0.3645833333333333 0.8 0.31666666666666665 0.825 0.27708333333333335 0.828125 0.19791666666666666 0.8125 0.16458333333333333 0.7984375 0.1125 0.759375 0.07083333333333333 0.7046875 0.052083333333333336 0.659375 0.05416666666666667 0.621875
0 0.2916666666666667 0.5078125 0.33125 0.5078125 0.375 0.5171875 0.4583333333333333 0.5546875 0.5020833333333333 0.6171875 0.5020833333333333 0.6546875 0.48541666666666666 0.6765625 0.4083333333333333 0.68125 0.32708333333333334 0.6703125 0.27291666666666664 0.6453125 0.2125 0.6015625 0.2 0.575 0.20625 0.5421875 0.25 0.5140625
0 0.4895833333333333 0.440625 0.5333333333333333 0.44375 0.5791666666666667 0.4671875 0.6458333333333334 0.53125 0.6604166666666667 0.5609375 0.6645833333333333 0.6 0.65625 0.6296875 0.6354166666666666 0.64375 0.5791666666666667 0.6515625 0.5375 0.6390625 0.50625 0.6203125 0.4625 0.5625 0.41041666666666665 0.5296875 0.4083333333333333 0.515625 0.425 0.471875 0.45 0.4515625
0 0.33541666666666664 0.240625 0.46041666666666664 0.25 0.5041666666666667 0.2625 0.5291666666666667 0.303125 0.5729166666666666 0.34375 0.5708333333333333 0.38125 0.54375 0.4265625 0.51875 0.4296875 0.4666666666666667 0.4203125 0.3854166666666667 0.3921875 0.39166666666666666 0.35625 0.3875 0.3171875 0.3729166666666667 0.2859375
0 0.3770833333333333 0.390625 0.4354166666666667 0.4125 0.45208333333333334 0.440625 0.45208333333333334 0.4546875 0.42916666666666664 0.478125 0.41458333333333336 0.51875 0.3958333333333333 0.5234375 0.34375 0.5109375 0.28541666666666665 0.5109375 0.25416666666666665 0.515625 0.21458333333333332 0.5328125 0.2 0.4875 0.2 0.45625 0.21041666666666667 0.44375 0.2604166666666667 0.4125 0.32708333333333334 0.40625
0 0.50625 0.63125 0.5416666666666666 0.6453125 0.55 0.659375 0.5458333333333333 0.671875 0.50625 0.70625 0.4895833333333333 0.7359375 0.48333333333333334 0.765625 0.4875 0.8359375 0.42291666666666666 0.8453125 0.3958333333333333 0.8359375 0.36041666666666666 0.809375 0.37916666666666665 0.76875 0.3770833333333333 0.7390625 0.3145833333333333 0.66875 0.375 0.6765625 0.475 0.675 0.5020833333333333 0.6609375
0 0.93125 0.4875 0.95 0.4875 0.9583333333333334 0.5046875 0.9583333333333334 0.559375 0.9395833333333333 0.6125 0.9166666666666666 0.6140625 0.8583333333333333 0.596875 0.8041666666666667 0.596875 0.7895833333333333 0.571875 0.7916666666666666 0.528125 0.8166666666666667 0.515625
0 0.6916666666666667 0.0703125 0.7104166666666667 0.0703125 0.7604166666666666 0.0859375 0.7979166666666667 0.109375 0.8020833333333334 0.1984375 0.7875 0.2453125 0.76875 0.2421875 0.6833333333333333 0.2015625 0.6145833333333334 0.1890625 0.6125 0.165625 0.625 0.1296875 0.6604166666666667 0.0859375
0 0.4583333333333333 0 0.5020833333333333 0 0.525 0.009375 0.6020833333333333 0.009375 0.6583333333333333 0.0359375 0.6895833333333333 0.065625 0.64375 0.1 0.6041666666666666 0.1171875 0.5604166666666667 0.1296875 0.5083333333333333 0.134375 0.44583333333333336 0.0984375 0.35 0.0640625 0.35833333333333334 0.0453125 0.38125 0.0265625