0 0.7898148148148149 0.501002004008016 0.8425925925925926 0.503006012024048 0.8777777777777778 0.5170340681362725 0.9175925925925926 0.5470941883767535 0.937037037037037 0.5711422845691383 0.9675925925925926 0.5891783567134269 0.9824074074074074 0.6192384769539078 0.9814814814814815 0.687374749498998 0.9685185185185186 0.7134268537074149 0.9277777777777778 0.7374749498997996 0.8657407407407407 0.7334669338677354 0.8222222222222222 0.7154308617234469 0.7675925925925926 0.6452905811623246 0.75 0.593186372745491 0.75 0.5511022044088176 0.7537037037037037 0.531062124248497 0.7703703703703704 0.5090180360721442
0 0.7342592592592593 0.2605210420841683 0.7722222222222223 0.2665330661322645 0.8268518518518518 0.312625250501002 0.8611111111111112 0.3627254509018036 0.8787037037037037 0.4028056112224449 0.8962962962962963 0.45691382765531063 0.8944444444444445 0.4849699398797595 0.8759259259259259 0.5090180360721442 0.7666666666666667 0.49899799599198397 0.7287037037037037 0.4649298597194389 0.7148148148148148 0.44288577154308617 0.6981481481481482 0.40080160320641284 0.6907407407407408 0.3667334669338677 0.6907407407407408 0.33266533066132264 0.6962962962962963 0.2985971943887776 0.7037037037037037 0.28256513026052105
0 0.625 0.07615230460921844 0.6555555555555556 0.0781563126252505 0.6805555555555556 0.09218436873747494 0.725925925925926 0.14428857715430862 0.7601851851851852 0.16633266533066132 0.7685185185185185 0.1903807615230461 0.7694444444444445 0.21643286573146292 0.762962962962963 0.23046092184368738 0.7666666666666667 0.2605210420841683 0.7305555555555555 0.2605210420841683 0.7111111111111111 0.2725450901803607 0.6972222222222222 0.2905811623246493 0.6638888888888889 0.2865731462925852 0.6453703703703704 0.27655310621242485 0.6092592592592593 0.23046092184368738 0.5861111111111111 0.21442885771543085 0.5787037037037037 0.17234468937875752 0.5787037037037037 0.1462925851703407 0.5842592592592593 0.12224448897795591 0.5972222222222222 0.09619238476953908
0 0.5916666666666667 0.42685370741482964 0.6314814814814815 0.43887775551102204 0.662962962962963 0.46292585170340683 0.7435185185185185 0.5691382765531062 0.7657407407407407 0.6452905811623246 0.7648148148148148 0.6773547094188377 0.7518518518518519 0.6973947895791583 0.7351851851851852 0.7054108216432866 0.6805555555555556 0.7014028056112225 0.6361111111111111 0.6813627254509018 0.5962962962962963 0.6352705410821643 0.575 0.5951903807615231 0.5546296296296296 0.5230460921843687 0.5546296296296296 0.48296593186372744 0.5611111111111111 0.45691382765531063 0.575925925925926 0.43286573146292584
0 0.9722222222222222 0.7034068136272545 0.9851851851851852 0.7094188376753507 0.9907407407407407 0.7234468937875751 0.9925925925925926 0.8076152304609219 0.975925925925926 0.8557114228456913 0.95 0.8957915831663327 0.9092592592592592 0.9298597194388778 0.8712962962962963 0.9478957915831663 0.8444444444444444 0.9519038076152304 0.8240740740740741 0.9498997995991983 0.799074074074074 0.935871743486974 0.7851851851851852 0.9238476953907816 0.7805555555555556 0.9118236472945892 0.774074074074074 0.8617234468937875 0.7833333333333333 0.8076152304609219 0.7925925925925926 0.7735470941883767 0.812962962962963 0.7394789579158316 0.8175925925925925 0.7154308617234469 0.8722222222222222 0.7294589178356713 0.9231481481481482 0.7314629258517034
0 0.7712962962962963 0.8637274549098196 0.7796296296296297 0.87374749498998 0.7777777777777778 0.8957915831663327 0.7888888888888889 0.9238476953907816 0.8314814814814815 0.9519038076152304 0.8592592592592593 0.9599198396793587 0.8629629629629629 1 0.65 1 0.6435185185185185 0.9859719438877755 0.649074074074074 0.9338677354709419 0.6638888888888889 0.9078156312625251 0.7361111111111112 0.8897795591182365
0 0.6203703703703703 0.6813627254509018 0.6407407407407407 0.6813627254509018 0.7111111111111111 0.7054108216432866 0.7203703703703703 0.717434869739479 0.774074074074074 0.7394789579158316 0.7907407407407407 0.781563126252505 0.7824074074074074 0.8396793587174348 0.774074074074074 0.8637274549098196 0.7611111111111111 0.8777555110220441 0.7231481481481481 0.8937875751503006 0.6546296296296297 0.9018036072144289 0.6222222222222222 0.8877755511022044 0.5712962962962963 0.8016032064128257 0.5861111111111111 0.717434869739479 0.6 0.6953907815631263
0 0.5388888888888889 0.20040080160320642 0.5842592592592593 0.2124248496993988 0.6138888888888889 0.23446893787575152 0.6398148148148148 0.2685370741482966 0.6861111111111111 0.3587174348697395 0.7 0.4168336673346693 0.6990740740740741 0.45691382765531063 0.6842592592592592 0.4729458917835671 0.6703703703703704 0.4729458917835671 0.6268518518518519 0.4408817635270541 0.5824074074074074 0.4308617234468938 0.5527777777777778 0.3967935871743487 0.5185185185185185 0.3226452905811623 0.5046296296296297 0.27054108216432865 0.512962962962963 0.22444889779559118
0 0.44351851851851853 0.03006012024048096 0.487962962962963 0.036072144288577156 0.524074074074074 0.06813627254509018 0.5546296296296296 0.11222444889779559 0.5805555555555556 0.16432865731462926 0.587037037037037 0.1963927855711423 0.5861111111111111 0.2124248496993988 0.5370370370370371 0.20641282565130262 0.5148148148148148 0.22845691382765532 0.5027777777777778 0.23046092184368738 0.4388888888888889 0.18637274549098196 0.4101851851851852 0.12424849699398798 0.4064814814814815 0.0841683366733467 0.41574074074074074 0.04809619238476954
0 0.42777777777777776 0.1903807615230461 0.4546296296296296 0.19839679358717435 0.48518518518518516 0.23647294589178355 0.5148148148148148 0.29458917835671344 0.5453703703703704 0.3787575150300601 0.5768518518518518 0.4308617234468938 0.5472222222222223 0.4729458917835671 0.5222222222222223 0.47695390781563124 0.4861111111111111 0.44889779559118237 0.4425925925925926 0.42685370741482964 0.4111111111111111 0.37074148296593185 0.387037037037037 0.28256513026052105 0.38981481481481484 0.24448897795591182 0.4 0.21042084168336672 0.4111111111111111 0.1963927855711423
0 0.4287037037037037 0.4288577154308617 0.45555555555555555 0.4308617234468938 0.49444444444444446 0.45090180360721444 0.525 0.48296593186372744 0.549074074074074 0.5190380761523046 0.5925925925925926 0.627254509018036 0.5898148148148148 0.6753507014028056 0.575 0.6953907815631263 0.5601851851851852 0.7034068136272545 0.5194444444444445 0.6973947895791583 0.45740740740740743 0.655310621242485 0.42592592592592593 0.6152304609218436 0.412962962962963 0.5951903807615231 0.39351851851851855 0.5470941883767535 0.3907407407407407 0.48697394789579157 0.39351851851851855 0.46693386773547096 0.40370370370370373 0.44488977955911824
0 0.45 0.6593186372745491 0.4787037037037037 0.6673346693386774 0.5481481481481482 0.717434869739479 0.5768518518518518 0.7695390781563126 0.5842592592592593 0.811623246492986 0.6027777777777777 0.8537074148296593 0.6037037037037037 0.875751503006012 0.5953703703703703 0.8937875751503006 0.5824074074074074 0.9038076152304609 0.5388888888888889 0.905811623246493 0.4861111111111111 0.8937875751503006 0.4398148148148148 0.8557114228456913 0.4083333333333333 0.7875751503006012 0.40370370370370373 0.7695390781563126 0.4027777777777778 0.7354709418837675 0.4166666666666667 0.6893787575150301
0 0.475 0.8897795591182365 0.5805555555555556 0.9078156312625251 0.6342592592592593 0.9498997995991983 0.6444444444444445 0.9719438877755511 0.6453703703703704 0.9859719438877755 0.6370370370370371 0.9959919839679359 0.6027777777777777 0.9959919839679359 0.4444444444444444 0.9719438877755511 0.44166666666666665 0.9559118236472945 0.44814814814814813 0.9318637274549099 0.45925925925925926 0.9078156312625251
0 0.3 0.6513026052104208 0.3277777777777778 0.655310621242485 0.37222222222222223 0.6833667334669339 0.39814814814814814 0.7154308617234469 0.4046296296296296 0.7314629258517034 0.4083333333333333 0.7735470941883767 0.4203703703703704 0.8136272545090181 0.4222222222222222 0.8336673346693386 0.39444444444444443 0.8537074148296593 0.3509259259259259 0.8537074148296593 0.30277777777777776 0.8376753507014028 0.275 0.8056112224448898 0.25555555555555554 0.7595190380761523 0.25462962962962965 0.7074148296593187 0.27314814814814814 0.6673346693386774
0 0.2953703703703704 0.4308617234468938 0.32407407407407407 0.43687374749499 0.3592592592592593 0.46292585170340683 0.3907407407407407 0.4969939879759519 0.4083333333333333 0.5731462925851704 0.44814814814814813 0.6452905811623246 0.45 0.657314629258517 0.4148148148148148 0.6933867735470942 0.3861111111111111 0.6913827655310621 0.3194444444444444 0.6533066132264529 0.2851851851851852 0.6112224448897795 0.2564814814814815 0.5591182364729459 0.2462962962962963 0.5190380761523046 0.24351851851851852 0.4909819639278557 0.24722222222222223 0.4729458917835671 0.2638888888888889 0.44488977955911824
0 0.30277777777777776 0.20440881763527055 0.3287037037037037 0.20641282565130262 0.36203703703703705 0.23647294589178355 0.39351851851851855 0.29458917835671344 0.4166666666666667 0.37074148296593185 0.4444444444444444 0.4248496993987976 0.45185185185185184 0.4308617234468938 0.4148148148148148 0.4408817635270541 0.3962962962962963 0.4709418837675351 0.3925925925925926 0.49498997995991983 0.38425925925925924 0.49498997995991983 0.36203703703703705 0.46893787575150303 0.3111111111111111 0.4288577154308617 0.2972222222222222 0.4088176352705411 0.2851851851851852 0.3867735470941884 0.2611111111111111 0.3106212424849699 0.25833333333333336 0.25250501002004005 0.2712962962962963 0.22845691382765532
0 0.32314814814814813 0.03206412825651302 0.3685185185185185 0.04809619238476954 0.38981481481481484 0.07615230460921844 0.4046296296296296 0.08617234468937876 0.412962962962963 0.12424849699398798 0.4462962962962963 0.19238476953907815 0.41388888888888886 0.20040080160320642 0.3962962962962963 0.24048096192384769 0.3907407407407407 0.27054108216432865 0.37777777777777777 0.27054108216432865 0.37407407407407406 0.2565130260521042 0.36018518518518516 0.23647294589178355 0.3277777777777778 0.20440881763527055 0.31851851851851853 0.17635270541082165 0.30092592592592593 0.14829659318637275 0.2916666666666667 0.11222444889779559 0.29074074074074074 0.07615230460921844 0.2953703703703704 0.05410821643286573 0.30648148148148147 0.03807615230460922
0 0.20277777777777778 0.09018036072144289 0.23148148148148148 0.09218436873747494 0.2601851851851852 0.10821643286573146 0.3111111111111111 0.16032064128256512 0.33240740740740743 0.20440881763527055 0.28703703703703703 0.21643286573146292 0.26851851851851855 0.23847695390781562 0.2490740740740741 0.2745490981963928 0.19074074074074074 0.26452905811623245 0.15925925925925927 0.21442885771543085 0.15 0.18236472945891782 0.14814814814814814 0.16032064128256512 0.15833333333333333 0.12625250501002003 0.1685185185185185 0.11022044088176353
0 0.1935185185185185 0.2685370741482966 0.22685185185185186 0.2725450901803607 0.262037037037037 0.2965931863727455 0.287962962962963 0.3787575150300601 0.31851851851851853 0.43286573146292584 0.28055555555555556 0.43887775551102204 0.23981481481481481 0.4729458917835671 0.18518518518518517 0.4348697394789579 0.16203703703703703 0.4088176352705411 0.14629629629629629 0.374749498997996 0.13796296296296295 0.3246492985971944 0.14629629629629629 0.2985971943887776 0.1574074074074074 0.2845691382765531
0 0.16111111111111112 0.42084168336673344 0.24074074074074073 0.4749498997995992 0.24259259259259258 0.4849699398797595 0.2388888888888889 0.501002004008016 0.24444444444444444 0.531062124248497 0.29814814814814816 0.6292585170340681 0.29814814814814816 0.6372745490981964 0.27314814814814814 0.6513026052104208 0.2212962962962963 0.6593186372745491 0.1787037037037037 0.6392785571142284 0.15092592592592594 0.6092184368737475 0.11481481481481481 0.5210420841683366 0.11203703703703703 0.5090180360721442 0.11296296296296296 0.46693386773547096 0.13055555555555556 0.43687374749499
0 0.15 0.627254509018036 0.16574074074074074 0.627254509018036 0.2212962962962963 0.657314629258517 0.23981481481481481 0.6753507014028056 0.24537037037037038 0.6733466933867736 0.24074074074074073 0.6633266533066132 0.24259259259259258 0.657314629258517 0.2833333333333333 0.6533066132264529 0.25555555555555554 0.687374749498998 0.2564814814814815 0.7454909819639278 0.2740740740740741 0.8096192384769539 0.2518518518518518 0.8316633266533067 0.20833333333333334 0.8416833667334669 0.175 0.8376753507014028 0.13425925925925927 0.8096192384769539 0.10833333333333334 0.7434869739478958 0.10833333333333334 0.6953907815631263 0.12129629629629629 0.6533066132264529
0 0.13703703703703704 0.8196392785571143 0.21851851851851853 0.843687374749499 0.24722222222222223 0.8657314629258517 0.26481481481481484 0.8937875751503006 0.2601851851851852 0.935871743486974 0.25555555555555554 0.9478957915831663 0.2324074074074074 0.9498997995991983 0.16296296296296298 0.9438877755511023 0.125 0.9258517034068137 0.10648148148148148 0.9078156312625251 0.1 0.8837675350701403 0.10740740740740741 0.8597194388777555 0.11388888888888889 0.843687374749499
0 0.3148148148148148 0.8517034068136272 0.38981481481481484 0.8617234468937875 0.42685185185185187 0.8937875751503006 0.44074074074074077 0.9138276553106213 0.43703703703703706 0.9599198396793587 0.42962962962962964 0.9679358717434869 0.4009259259259259 0.9679358717434869 0.25833333333333336 0.9458917835671342 0.2574074074074074 0.9198396793587175 0.275 0.8777555110220441
0 0.009259259259259259 0.42084168336673344 0.030555555555555555 0.4248496993987976 0.053703703703703705 0.4468937875751503 0.08055555555555556 0.4909819639278557 0.09074074074074075 0.5170340681362725 0.09814814814814815 0.5490981963927856 0.10185185185185185 0.6312625250501002 0.10833333333333334 0.6753507014028056 0.1037037037037037 0.6933867735470942 0.08703703703703704 0.6913827655310621 0.07592592592592592 0.7014028056112225 0.06111111111111111 0.7014028056112225 0.028703703703703703 0.685370741482966 0.012037037037037037 0.6653306613226453 0 0.625250501002004 0 0.5871743486973948 0.003703703703703704 0.5731462925851704 0 0.5370741482965932 0 0.43286573146292584
0 0.05462962962962963 0.28256513026052105 0.08518518518518518 0.2865731462925852 0.1361111111111111 0.32665330661322645 0.16111111111111112 0.41082164328657317 0.11296296296296296 0.4589178356713427 0.07592592592592592 0.45691382765531063 0.017592592592592594 0.4188376753507014 0.009259259259259259 0.38877755511022044 0.006481481481481481 0.3286573146292585 0.023148148148148147 0.2985971943887776
0 0 0.6753507014028056 0 0.8496993987975952 0.024074074074074074 0.8657314629258517 0.03888888888888889 0.8637274549098196 0.062037037037037036 0.8517034068136272 0.07685185185185185 0.8316633266533067 0.08333333333333333 0.749498997995992 0.0712962962962963 0.717434869739479 0.044444444444444446 0.6913827655310621