0 0.375 0.04119850187265917 0.39747191011235955 0.054307116104868915 0.4058988764044944 0.15730337078651685 0.3890449438202247 0.2209737827715356 0.34691011235955055 0.2846441947565543 0.28230337078651685 0.3352059925093633 0.2205056179775281 0.35580524344569286 0.14747191011235955 0.3595505617977528 0.10814606741573034 0.33707865168539325 0.08848314606741572 0.28277153558052437 0.08848314606741572 0.24157303370786518 0.0997191011235955 0.20224719101123595 0.15308988764044945 0.12359550561797752 0.19803370786516855 0.09925093632958802 0.28230337078651685 0.08052434456928839
0 0.1151685393258427 0.5973782771535581 0.16151685393258428 0.5973782771535581 0.22191011235955055 0.6161048689138576 0.2710674157303371 0.6573033707865169 0.34831460674157305 0.700374531835206 0.3539325842696629 0.7209737827715356 0.351123595505618 0.7340823970037453 0.3342696629213483 0.7659176029962547 0.3061797752808989 0.7940074906367042 0.21207865168539325 0.8258426966292135 0.13904494382022473 0.8295880149812734 0.06320224719101124 0.8033707865168539 0.019662921348314606 0.7640449438202247 0.014044943820224719 0.7340823970037453 0.0028089887640449437 0.7116104868913857 0.004213483146067416 0.6816479400749064 0.02247191011235955 0.6479400749063671 0.05196629213483146 0.6198501872659176 0.0800561797752809 0.6048689138576779
0 0.776685393258427 0.7771535580524345 0.8061797752808989 0.7771535580524345 0.8314606741573034 0.7902621722846442 0.8651685393258427 0.8389513108614233 0.8721910112359551 0.8689138576779026 0.8735955056179775 0.9382022471910112 0.8665730337078652 0.9719101123595506 0.8567415730337079 0.9887640449438202 0.8356741573033708 1 0.5632022471910112 1 0.5912921348314607 0.9307116104868914 0.6376404494382022 0.8651685393258427 0.6811797752808989 0.8277153558052435
0 0.8216292134831461 0.4400749063670412 0.8356741573033708 0.4400749063670412 0.8497191011235955 0.4550561797752809 0.8918539325842697 0.5224719101123596 0.9241573033707865 0.5599250936329588 1 0.6217228464419475 1 0.9157303370786517 0.949438202247191 0.8951310861423221 0.8974719101123596 0.8520599250936329 0.8230337078651685 0.7621722846441947 0.7949438202247191 0.7097378277153558 0.7851123595505618 0.6554307116104869 0.7654494382022472 0.6198501872659176 0.7640449438202247 0.5468164794007491 0.7823033707865169 0.4868913857677903
0 0.7387640449438202 0.19288389513108614 0.7794943820224719 0.20599250936329588 0.8019662921348315 0.24157303370786518 0.8061797752808989 0.26591760299625467 0.8019662921348315 0.37453183520599254 0.7851123595505618 0.44569288389513106 0.7626404494382022 0.49250936329588013 0.7148876404494382 0.5580524344569289 0.702247191011236 0.5692883895131086 0.6896067415730337 0.5692883895131086 0.6039325842696629 0.5187265917602997 0.6165730337078652 0.3857677902621723 0.6292134831460674 0.3295880149812734 0.6685393258426966 0.24344569288389514 0.699438202247191 0.20973782771535582
0 0.5042134831460674 0.1254681647940075 0.5463483146067416 0.1348314606741573 0.577247191011236 0.16853932584269662 0.5870786516853933 0.19850187265917604 0.598314606741573 0.27340823970037453 0.6039325842696629 0.36142322097378277 0.5884831460674157 0.4344569288389513 0.5674157303370787 0.4887640449438202 0.5379213483146067 0.5112359550561798 0.49297752808988765 0.5280898876404494 0.47191011235955055 0.5168539325842697 0.46348314606741575 0.49812734082397003 0.4592696629213483 0.41760299625468167 0.4353932584269663 0.36142322097378277 0.4311797752808989 0.2752808988764045 0.4353932584269663 0.21722846441947566 0.4606741573033708 0.149812734082397 0.4789325842696629 0.13295880149812733
0 0.7064606741573034 0.028089887640449437 0.7710674157303371 0.031835205992509365 0.8132022471910112 0.052434456928838954 0.8216292134831461 0.06367041198501873 0.8286516853932584 0.09176029962546817 0.8286516853932584 0.11610486891385768 0.8188202247191011 0.1404494382022472 0.7626404494382022 0.19288389513108614 0.723314606741573 0.19850187265917604 0.6797752808988764 0.2247191011235955 0.6306179775280899 0.2247191011235955 0.6025280898876404 0.20786516853932585 0.5870786516853933 0.18726591760299627 0.5786516853932584 0.15917602996254682 0.5786516853932584 0.1198501872659176 0.5898876404494382 0.08801498127340825 0.6081460674157303 0.06367041198501873 0.6320224719101124 0.04681647940074907
0 0.18826913297846076 0.3641657079203745 0.11879065481231266 0.43419645252970035 0.07464379187375723 0.45202346941471067 0.05190147178928709 0.4805467963975768 0.07731934633452697 0.5393758592917502 0.1254795409642369 0.560768265272784 0.18969306235856595 0.5857260603498414 0.24989325206174018 0.5696818094177355 0.2726355721462103 0.548289332031809 0.24855547483135534 0.48946019773274296 0.27664890383736496 0.5001565078305986 0.3141068806239958 0.5037218255217296 0.3274846529278447 0.46985048629972076 0.3154446578543807 0.3789327073266578 0.3074178873041445 0.33436520081657833 0.2284888163755817 0.3325825062685666
0 0.4744348633155394 0.6754952959353557 0.5080853292052941 0.6819919943718323 0.5187875470483734 0.7301250327877206 0.534840980980919 0.8103465016629279 0.5094231064356791 0.9565280258390337 0.47865412296889953 1 0.33551131631015424 1 0.3662804069448605 0.954745331291022 0.363604745316164 0.8210426689509984 0.38500928817024915 0.7229941117858882 0.41979160332818344 0.6855573834678561
0 0.5674826161245282 0.7223117753361048 0.6177834907685634 0.733690421883744 0.6539035831568825 0.7746924678929074 0.7114282183992866 0.8085638071149162 0.7569128585682269 0.7818232460849545 0.7783172942543858 0.712297873092925 0.7636016375522249 0.6320763328128253 0.7355082085462149 0.591074215398769 0.6833347893932771 0.560768265272784 0.5990545023752478 0.5625509598207957 0.5508943077455382 0.6053357717828635 0.5442054215936132 0.6748611447748928 0.5508943077455382 0.7105151785449133
0 0.44985621163014616 0.47652525848217225 0.38902261986140396 0.5643336543688076 0.3716315158664003 0.6356417219088486 0.3783204020183248 0.6819919943718324 0.4171160488674136 0.6909056099216765 0.47330290687943305 0.6695130611308575 0.508085329205294 0.6748611447748929 0.5522320849759228 0.6053357717828636 0.584338845673087 0.5554201816287488 0.6097567202183269 0.46806779175170904 0.5937033934537082 0.43063106343367663 0.5549076394366923 0.45558885851073394 0.5228008787395279 0.5108526037137766 0.45992513457558387 0.5001565078305985
0 0.10399947005711245 0.8276488539877902 0.1656129650437109 0.8299561416910574 0.2539066909208217 0.8192599744029869 0.28066234269644647 0.7978675684219529 0.31544465785438075 0.8210426689509983 0.3181202123151504 0.8620447863650543 0.25792002261197633 0.9190912975210014 0.21778649136457573 0.970789582223128 0.14955963827909213 0.9476144102891897 0.0733060146433723 0.9190912975210014 0.03183481333351351 0.8941334310390514 0.06260379680029311 0.865610175461078