0 0.7690875232774674 0.5467479674796748 0.8007448789571695 0.5528455284552846 0.819366852886406 0.5813008130081301 0.8119180633147114 0.6504065040650406 0.8324022346368715 0.7296747967479674 0.8342644320297952 0.7967479674796748 0.8081936685288641 0.8658536585365854 0.7746741154562383 0.8943089430894309 0.74487895716946 0.8963414634146342 0.7150837988826816 0.8780487804878049 0.6815642458100558 0.8089430894308943 0.6703910614525139 0.7378048780487805 0.6722532588454376 0.6910569105691057 0.6797020484171322 0.6504065040650406 0.7039106145251397 0.5995934959349594 0.7355679702048417 0.5630081300813008
0 0.41154562383612664 0.31097560975609756 0.43575418994413406 0.3130081300813008 0.46741154562383613 0.34146341463414637 0.5009310986964618 0.41260162601626016 0.5139664804469274 0.46747967479674796 0.5139664804469274 0.5060975609756098 0.5009310986964618 0.556910569105691 0.478584729981378 0.5934959349593496 0.4543761638733706 0.6117886178861789 0.43947858472998136 0.6117886178861789 0.40037243947858475 0.5833333333333334 0.3761638733705773 0.540650406504065 0.3687150837988827 0.5101626016260162 0.3743016759776536 0.4329268292682927 0.4022346368715084 0.31910569105691056
0 0.2737430167597765 0.20934959349593496 0.2886405959031657 0.21341463414634146 0.31471135940409684 0.2540650406504065 0.31098696461824954 0.3231707317073171 0.2811918063314711 0.3861788617886179 0.22160148975791433 0.4491869918699187 0.14338919925512103 0.4817073170731707 0.11359404096834265 0.4796747967479675 0.0893854748603352 0.45121951219512196 0.0782122905027933 0.4105691056910569 0.08007448789571694 0.3780487804878049 0.09497206703910614 0.33739837398373984 0.13221601489757914 0.2926829268292683 0.22160148975791433 0.24796747967479674
0 0.9739292364990689 0.18089430894308944 1 0.18699186991869918 1 0.4105691056910569 0.9590316573556797 0.4959349593495935 0.9385474860335196 0.5203252032520326 0.8938547486033519 0.5487804878048781 0.8640595903165735 0.5508130081300813 0.8417132216014898 0.5386178861788617 0.8212290502793296 0.5101626016260162 0.8212290502793296 0.491869918699187 0.8417132216014898 0.4369918699186992 0.8435754189944135 0.34959349593495936 0.8808193668528864 0.2764227642276423 0.9143389199255121 0.23983739837398374 0.931098696461825 0.2073170731707317
0 0.7877094972067039 0.3130081300813008 0.819366852886406 0.31910569105691056 0.8417132216014898 0.35365853658536583 0.8472998137802608 0.40853658536585363 0.839851024208566 0.45121951219512196 0.8044692737430168 0.516260162601626 0.7839851024208566 0.5386178861788617 0.7281191806331471 0.5691056910569106 0.6927374301675978 0.6158536585365854 0.6778398510242085 0.5995934959349594 0.6666666666666666 0.556910569105691 0.6685288640595903 0.4959349593495935 0.6890130353817505 0.3983739837398374 0.7541899441340782 0.32723577235772355
0 0.5605214152700186 0.7784552845528455 0.62756052141527 0.790650406504065 0.6815642458100558 0.8414634146341463 0.6964618249534451 0.8739837398373984 0.6983240223463687 0.9024390243902439 0.6871508379888268 0.9329268292682927 0.6666666666666666 0.9532520325203252 0.6443202979515829 0.9613821138211383 0.5828677839851024 0.9532520325203252 0.5102420856610801 0.9105691056910569 0.4934823091247672 0.9085365853658537 0.47113594040968343 0.8821138211382114 0.4618249534450652 0.8434959349593496 0.4748603351955307 0.8130081300813008 0.5139664804469274 0.7804878048780488 0.527001862197393 0.7804878048780488 0.547486033519553 0.7947154471544715
0 0.14157272531455042 0.5137226187439792 0.188039378378346 0.49318457160869417 0.23376253262051652 0.4931845716086942 0.2810624693027417 0.5069436883369801 0.32678562354491225 0.5241426531366106 0.35989552870076413 0.5516610243717287 0.38512202687340136 0.596378291517204 0.4087719952145143 0.6393757379609171 0.40404215311140906 0.6600144819426189 0.37723887249871707 0.6720537090798692 0.3504355918860247 0.7047317490880944 0.29367571838906026 0.6978521907239514 0.23849250102788572 0.6840931428849386 0.1880393783783457 0.6479753236946417 0.154929473222494 0.6118573667257988 0.13758612942454068 0.5912186227440969 0.12497288033822201 0.5808992163086093 0.134432817152961 0.5499411347806928
0 0 0.7305247867656595 0.046139820940199604 0.6926925219508444 0.13758612942454096 0.6926925219508444 0.20538259587203408 0.7047317490880946 0.24479925187531018 0.7408495682783913 0.2243025958057769 0.764928160331438 0.16754272230881273 0.7976062003396631 0.10605288040447892 0.8199647650231279 0.013029789480082975 0.8165249858410565 0 0.7855669043131399 0 0.7356898995052841
0 0 0.4708258691466834 0.044563038500145445 0.4811452755821708 0.09343963131816012 0.4828651651732063 0.1391627855603309 0.5035039091549086 0.13127950488138163 0.5551008035538 0.09816959972552992 0.604977808361656 0.019336540327507784 0.6428155171429886 0 0.6410956275519528 0 0.47254575873771915
0 0.08984501995556005 0 0.09974625586131962 0.07868956127116265 0.13285616101717138 0.13888593806986946 0.18646272224255583 0.15952468205157144 0.21641931512682808 0.1285665316343819 0.2321858764847265 0.07009007887134741 0.2511058764184694 0.00817381248160484
0 0.5802236667587879 0.18174429896078134 0.594818177063306 0.10620789806164413 0.6436946435770561 0.04773144529860966 0.7256812678551876 0.03913196289879431 0.7729809519288833 0.03569214927208635 0.7982077027100508 0.0735298580534189 0.7682511098257787 0.13372630374139868 0.7162210784319193 0.17844353644223768 0.6373880190338967 0.21628124522357026
0 0.7747198389085914 0.13657718062293134 0.8250109833227425 0.1388859380698695 0.8644275130217541 0.1939226116508324 0.8612742007501742 0.25583884359593845 0.8502374814953803 0.32291481320342486 0.8297408254258476 0.33839388841201956 0.7997842325415755 0.314315365248246 0.7367177345014517 0.32119492361238905 0.7209511731435532 0.348713294847507 0.70676114161718 0.26099858125831876 0.7209511731435534 0.19220272205979666
0 0.5475182403810804 0.2094017213040637 0.6105847384212042 0.2008021700149754 0.6736512364613285 0.2919566627862353 0.7099144538887596 0.35559285321164996 0.6436946435770563 0.3521530740295786 0.615314833132839 0.4071897476105416 0.6042781138780452 0.4501871251649814 0.5664383666190884 0.42094893322810056 0.542788398277976 0.36763214923817333 0.5349049912947617 0.3039959588127586 0.5333284614632364 0.2352000996142365
0 0.4767682560408074 0.5859900080845393 0.4576484617282648 0.6634542611246905 0.47499180552621795 0.7253706308483425 0.5301751491916568 0.763208270740402 0.5569784298043492 0.7511689747138788 0.5680148964506135 0.6772134467422496 0.5617082719074542 0.591218622744097 0.530175149191657 0.563700251508979 0.4954884615957509 0.5602604723269076 0.4639553388799534 0.5963782915172041
0 0.000873366738096889 0.0236593847783062 0.03667975782119603 0.027092666872271142 0.07767294365599701 0.04429163167190162 0.10920619267605883 0.07009007887134736 0.12812619260980182 0.14748542046968463 0.16281275390144348 0.15608490286949986 0.1911926906499257 0.2627184708493545 0.12181956806664232 0.29023677319519947 0.09186297518237027 0.3469933363671983 0.02879647714224634 0.3039959588127586 0 0.24379961645868828 0 0.013333515699348642
0 0.38158927818026533 0.6650324651757769 0.43399874599568133 0.7167711140038908 0.45449514945668484 0.7958863107486275 0.4560719318967395 0.8526428050313534 0.44661199508200033 0.8801611762664712 0.3898521215850361 0.8801611762664712 0.3315155919522821 0.8543626946223889 0.29998234293222004 0.8027658691127704 0.28421578157432154 0.7339700099142482 0.28421578157432154 0.6978521907239515 0.32836227968070203 0.701291969906023 0.3709322479555575 0.6995720803149873
0 0.9899070932019911 0.6605157533419919 0.9479904145228809 0.7322501203232126 0.9259172286218232 0.813085206658985 0.9054205725522904 0.8990800995464105 0.9448371022513012 0.9300381121850538 0.9700641056409977 0.9076795475015894 1 0.8853208450395784
0 0.8161020031957837 0.6063152113365718 0.8439308569522211 0.5963782915172041 0.899113948009131 0.6118573667257989 0.9290705408934031 0.653134992467749 0.9527205092345153 0.7030118594970587 0.9448371022513017 0.7511689747138787 0.9227639163502436 0.7769673874686881 0.8770407621080729 0.783847014722104 0.8281642955943228 0.7374097890963198 0.8250109833227427 0.6617343715336548
0 0.8492077346255373 0.8163423116075744 0.8896540111943919 0.8320041299389243 0.9022672602807107 0.8887606242216498 0.8817706042111777 0.9609962626022432 0.826587513154268 1 0.702031299514075 0.9971140817925405 0.6878412679877014 0.9420776148793966 0.70676114161718 0.9076795475015894 0.7382947695500358 0.8904805138126858 0.766674327385724 0.8904805138126858 0.8060908570847353 0.8578024738044605
0 0.23675170317509248 0.04624294394723123 0.30944227974695915 0.006453922890569136 0.3819687146018219 0.01849318447245586 0.402465370671355 0.07868956127116263 0.3662021532439235 0.1285665316343819 0.3630488409723437 0.1990822804239397 0.31417237445859336 0.26615825003142596 0.2968290306606401 0.21800113481460595 0.2637191255047884 0.197362390832904 0.22745590807735697 0.23691998920527219 0.1911926906499255 0.2489592852317955 0.1848860661067662 0.18532312925101724 0.18646272224255592 0.14920531006072044 0.21484265899103824 0.11824722853280398 0.2337625326205163 0.07352985805341893
0 0.30710138246331936 0.26756182380269644 0.37250877778708263 0.25583884359593856 0.45764846172826473 0.25067917482283114 0.5144083352252286 0.31431536524824605 0.5459417105495559 0.37967137637542353 0.5159851176652835 0.38999085170018416 0.4844517423409569 0.3796713763754236 0.45449514945668507 0.3194750340213533 0.410348777654569 0.314315365248246 0.3835454970418766 0.3504331844385429 0.3693554655155032 0.4278284915922436 0.3204789990017529 0.4295483811832794 0.2731790623195278 0.39687034117505415 0.29209906225327076 0.34871329484750707 0.30944227974695915 0.3091556275858658
0 0.23261348674637333 0.7169746512643044 0.26529578164057815 0.7528889331941875 0.30786562361116904 0.8440433570761742 0.26844909391215804 0.923158553820911 0.20222928360045475 0.971315737927004 0.16754272230881295 0.9437973666918859 0.14546953640775495 0.9042397683195178 0.11235963125190292 0.8457632466672101 0.10762953654026886 0.8148050962500207 0.20222928360045464 0.7804071666507595 0.24795256414689004 0.7374097890963197 0.238492501027886 0.7098914867504749