0 0.75625 0.5875 0.8125 0.5958333333333333 0.8145833333333333 0.6458333333333334 0.7958333333333333 0.6861111111111111 0.784375 0.6958333333333333 0.7552083333333334 0.7055555555555556 0.6708333333333333 0.6958333333333333 0.6697916666666667 0.6472222222222223 0.678125 0.6291666666666667 0.715625 0.6
0 0.5989583333333334 0.5847222222222223 0.6177083333333333 0.5861111111111111 0.63125 0.5944444444444444 0.6614583333333334 0.6305555555555555 0.6729166666666667 0.6597222222222222 0.675 0.6888888888888889 0.671875 0.6972222222222222 0.6458333333333334 0.7125 0.6166666666666667 0.7152777777777778 0.578125 0.7027777777777777 0.5614583333333333 0.6916666666666667 0.55 0.6763888888888889 0.528125 0.6347222222222222 0.525 0.6236111111111111 0.5270833333333333 0.6097222222222223 0.5510416666666667 0.5902777777777778
0 0.603125 0.46805555555555556 0.634375 0.4708333333333333 0.6479166666666667 0.4777777777777778 0.6583333333333333 0.49166666666666664 0.665625 0.5333333333333333 0.646875 0.5625 0.609375 0.5861111111111111 0.5760416666666667 0.5888888888888889 0.5479166666666667 0.5861111111111111 0.5208333333333334 0.5680555555555555 0.5177083333333333 0.55 0.53125 0.5277777777777778 0.5864583333333333 0.475
0 0.584375 0.4111111111111111 0.615625 0.41388888888888886 0.634375 0.4263888888888889 0.646875 0.44166666666666665 0.6583333333333333 0.4666666666666667 0.659375 0.49027777777777776 0.6385416666666667 0.47638888888888886 0.6072916666666667 0.4777777777777778 0.5510416666666667 0.5097222222222222 0.5166666666666667 0.4930555555555556 0.5135416666666667 0.4791666666666667 0.5177083333333333 0.46805555555555556 0.5625 0.425
0 0.5083333333333333 0.3402777777777778 0.5385416666666667 0.35 0.565625 0.3902777777777778 0.5635416666666667 0.4152777777777778 0.5520833333333334 0.43194444444444446 0.5208333333333334 0.4583333333333333 0.49270833333333336 0.46805555555555556 0.4479166666666667 0.4625 0.4239583333333333 0.4486111111111111 0.4166666666666667 0.4388888888888889 0.4166666666666667 0.41805555555555557 0.45625 0.37083333333333335 0.4864583333333333 0.3472222222222222
0 0.578125 0.35 0.6270833333333333 0.35555555555555557 0.6604166666666667 0.37777777777777777 0.6729166666666667 0.4027777777777778 0.6666666666666666 0.42916666666666664 0.6458333333333334 0.44166666666666665 0.621875 0.41805555555555557 0.5822916666666667 0.40694444444444444 0.5708333333333333 0.4083333333333333 0.5666666666666667 0.39166666666666666 0.5416666666666666 0.3541666666666667
0 0.6677083333333333 0.3458333333333333 0.70625 0.3486111111111111 0.7229166666666667 0.36527777777777776 0.7302083333333333 0.3888888888888889 0.73125 0.41944444444444445 0.7208333333333333 0.4486111111111111 0.64375 0.43194444444444446 0.64375 0.425 0.6552083333333333 0.4152777777777778 0.659375 0.3902777777777778 0.6385416666666667 0.3541666666666667
0 0.46458333333333335 0.6055555555555555 0.5020833333333333 0.6111111111111112 0.5145833333333333 0.6194444444444445 0.5479166666666667 0.6694444444444444 0.5510416666666667 0.6791666666666667 0.5489583333333333 0.6958333333333333 0.521875 0.7166666666666667 0.4864583333333333 0.7180555555555556 0.45729166666666665 0.7083333333333334 0.43020833333333336 0.6888888888888889 0.409375 0.6527777777777778 0.41041666666666665 0.6291666666666667 0.43020833333333336 0.6111111111111112
0 0.5114583333333333 0.5069444444444444 0.5291666666666667 0.5069444444444444 0.540625 0.5166666666666667 0.521875 0.5416666666666666 0.5197916666666667 0.5583333333333333 0.5489583333333333 0.5819444444444445 0.5489583333333333 0.5958333333333333 0.5364583333333334 0.6 0.5197916666666667 0.6180555555555556 0.4822916666666667 0.6111111111111112 0.43125 0.6111111111111112 0.421875 0.6027777777777777 0.41770833333333335 0.5902777777777778 0.41875 0.5666666666666667 0.42604166666666665 0.5458333333333333 0.4427083333333333 0.525 0.45729166666666665 0.5152777777777777
0 0.303125 0.44166666666666665 0.34270833333333334 0.44583333333333336 0.36354166666666665 0.4583333333333333 0.37604166666666666 0.4875 0.3770833333333333 0.5069444444444444 0.3729166666666667 0.5208333333333334 0.3614583333333333 0.5333333333333333 0.340625 0.5430555555555555 0.30625 0.5388888888888889 0.2520833333333333 0.5430555555555555 0.23854166666666668 0.5375 0.22708333333333333 0.5222222222222223 0.22395833333333334 0.5027777777777778 0.23854166666666668 0.4777777777777778 0.27708333333333335 0.4513888888888889
0 0.28958333333333336 0.5375 0.32916666666666666 0.5444444444444444 0.3375 0.5527777777777778 0.34479166666666666 0.5708333333333333 0.346875 0.6097222222222223 0.33645833333333336 0.6458333333333334 0.32708333333333334 0.6597222222222222 0.284375 0.6666666666666666 0.2625 0.6555555555555556 0.24791666666666667 0.6347222222222222 0.24375 0.6013888888888889 0.25 0.5694444444444444 0.26875 0.5458333333333333
0 0.3645833333333333 0.6319444444444444 0.390625 0.6347222222222222 0.40729166666666666 0.65 0.41354166666666664 0.6930555555555555 0.403125 0.7194444444444444 0.36875 0.7222222222222222 0.34270833333333334 0.7180555555555556 0.28854166666666664 0.7069444444444445 0.26666666666666666 0.6958333333333333 0.28541666666666665 0.6722222222222223 0.32083333333333336 0.6597222222222222 0.340625 0.6402777777777777
0 0.1625 0.5875 0.18854166666666666 0.5875 0.20729166666666668 0.6041666666666666 0.23125 0.6583333333333333 0.23020833333333332 0.6708333333333333 0.22291666666666668 0.6833333333333333 0.21458333333333332 0.6875 0.17291666666666666 0.6833333333333333 0.11979166666666667 0.6708333333333333 0.10520833333333333 0.6597222222222222 0.10520833333333333 0.6458333333333334 0.115625 0.6125 0.12395833333333334 0.6
0 0.15625 0.5055555555555555 0.21666666666666667 0.5055555555555555 0.22708333333333333 0.5111111111111111 0.2520833333333333 0.5555555555555556 0.23958333333333334 0.6138888888888889 0.21458333333333332 0.6208333333333333 0.18958333333333333 0.6027777777777777 0.12708333333333333 0.6041666666666666 0.12395833333333334 0.5888888888888889 0.12916666666666668 0.5611111111111111 0.1375 0.5361111111111111
0 0.225 0.39166666666666666 0.25833333333333336 0.3958333333333333 0.27708333333333335 0.41388888888888886 0.28854166666666664 0.41805555555555557 0.2989583333333333 0.43333333333333335 0.24479166666666666 0.475 0.21770833333333334 0.5055555555555555 0.178125 0.5111111111111111 0.15729166666666666 0.5 0.14791666666666667 0.4791666666666667 0.15208333333333332 0.4527777777777778 0.18229166666666666 0.4111111111111111 0.20104166666666667 0.39861111111111114
0 0.31666666666666665 0.3458333333333333 0.34479166666666666 0.3472222222222222 0.36770833333333336 0.35694444444444445 0.38958333333333334 0.37916666666666665 0.39895833333333336 0.4097222222222222 0.39895833333333336 0.43472222222222223 0.39166666666666666 0.4527777777777778 0.36770833333333336 0.46111111111111114 0.33541666666666664 0.44722222222222224 0.29375 0.44027777777777777 0.29270833333333335 0.4305555555555556 0.265625 0.39444444444444443 0.265625 0.38055555555555554 0.278125 0.35555555555555557
0 0.21145833333333333 0.26944444444444443 0.22395833333333334 0.2722222222222222 0.23333333333333334 0.28194444444444444 0.24375 0.30277777777777776 0.25104166666666666 0.33194444444444443 0.2604166666666667 0.3402777777777778 0.26145833333333335 0.3541666666666667 0.22916666666666666 0.38333333333333336 0.18854166666666666 0.39861111111111114 0.17708333333333334 0.37777777777777777 0.18125 0.3333333333333333 0.19479166666666667 0.2902777777777778
0 0.246875 0.24305555555555555 0.2791666666666667 0.24444444444444444 0.30833333333333335 0.25833333333333336 0.32083333333333336 0.27361111111111114 0.334375 0.3055555555555556 0.346875 0.31805555555555554 0.35104166666666664 0.3277777777777778 0.35 0.3416666666666667 0.340625 0.3486111111111111 0.25833333333333336 0.3541666666666667 0.253125 0.32916666666666666 0.23229166666666667 0.28194444444444444 0.24166666666666667 0.24861111111111112
0 0.4010416666666667 0.2569444444444444 0.43333333333333335 0.2652777777777778 0.44375 0.3055555555555556 0.353125 0.33194444444444443 0.3375 0.30694444444444446 0.33541666666666664 0.2902777777777778 0.37604166666666666 0.2625
0 0.46041666666666664 0.30277777777777776 0.471875 0.30277777777777776 0.4864583333333333 0.3125 0.503125 0.3416666666666667 0.465625 0.3638888888888889 0.42083333333333334 0.4111111111111111 0.40520833333333334 0.41805555555555557 0.3875 0.36527777777777776 0.43020833333333336 0.31805555555555554
0 0.5520833333333334 0.6805555555555556 0.6166666666666667 0.7194444444444444 0.615625 0.7625 0.6114583333333333 0.7694444444444445 0.5416666666666666 0.7597222222222222 0.5302083333333333 0.75 0.5291666666666667 0.7194444444444444 0.5447916666666667 0.6847222222222222
0 0.6802083333333333 0.6930555555555555 0.759375 0.7027777777777777 0.7604166666666666 0.7097222222222223 0.7489583333333333 0.7194444444444444 0.753125 0.75 0.7385416666666667 0.7875 0.7114583333333333 0.7902777777777777 0.628125 0.7763888888888889 0.6125 0.7694444444444445 0.6114583333333333 0.75 0.621875 0.7194444444444444