0 0.5791666666666667 0.8979166666666667 0.6277777777777778 0.9020833333333333 0.7027777777777777 0.9375 0.7319444444444444 0.9635416666666666 0.7361111111111112 0.98125 0.7152777777777778 0.990625 0.6805555555555556 0.9958333333333333 0.6041666666666666 0.9927083333333333 0.5513888888888889 0.98125 0.5402777777777777 0.9635416666666666 0.5416666666666666 0.9197916666666667 0.5583333333333333 0.903125
0 0.4236111111111111 0.84375 0.45416666666666666 0.8458333333333333 0.45416666666666666 0.8625 0.4847222222222222 0.8770833333333333 0.5166666666666667 0.9052083333333333 0.5236111111111111 0.9197916666666667 0.5236111111111111 0.9677083333333333 0.5180555555555556 0.9802083333333333 0.4666666666666667 0.9739583333333334 0.44166666666666665 0.9625 0.39305555555555555 0.9322916666666666 0.37916666666666665 0.9145833333333333 0.3486111111111111 0.859375 0.36666666666666664 0.8520833333333333
0 0.7708333333333334 0.8822916666666667 0.8055555555555556 0.8854166666666666 0.8305555555555556 0.8958333333333334 0.8430555555555556 0.9114583333333334 0.8444444444444444 0.9354166666666667 0.825 0.9541666666666667 0.7736111111111111 0.9697916666666667 0.7569444444444444 0.9708333333333333 0.7347222222222223 0.9604166666666667 0.7236111111111111 0.94375 0.7208333333333333 0.9229166666666667 0.7263888888888889 0.9125 0.725 0.8989583333333333 0.7486111111111111 0.8864583333333333
0 0.8444444444444444 0.9427083333333334 0.8763888888888889 0.9427083333333334 0.8944444444444445 0.953125 0.9083333333333333 0.9677083333333333 0.9097222222222222 1 0.75 0.9979166666666667 0.7541666666666667 0.9833333333333333 0.7652777777777777 0.9729166666666667 0.8208333333333333 0.9541666666666667 0.8333333333333334 0.9447916666666667 0.8375 0.9489583333333333
0 0.3125 0.8572916666666667 0.3388888888888889 0.8572916666666667 0.3527777777777778 0.8614583333333333 0.39305555555555555 0.9364583333333333 0.3902777777777778 0.9510416666666667 0.37916666666666665 0.965625 0.3416666666666667 0.9833333333333333 0.31805555555555554 0.9822916666666667 0.3013888888888889 0.975 0.2875 0.965625 0.2777777777777778 0.9489583333333333 0.2777777777777778 0.8770833333333333 0.2861111111111111 0.8666666666666667
0 0.21805555555555556 0.803125 0.24027777777777778 0.8052083333333333 0.25555555555555554 0.81875 0.275 0.8739583333333333 0.26666666666666666 0.9416666666666667 0.24444444444444444 0.9604166666666667 0.21944444444444444 0.9666666666666667 0.18611111111111112 0.9364583333333333 0.16944444444444445 0.9 0.17083333333333334 0.8604166666666667 0.18055555555555555 0.8354166666666667 0.19583333333333333 0.8135416666666667
0 0.11805555555555555 0.8979166666666667 0.1375 0.8989583333333333 0.15 0.9041666666666667 0.2 0.94375 0.2152777777777778 0.9697916666666667 0.21388888888888888 1 0.1111111111111111 1 0.10277777777777777 0.99375 0.08611111111111111 0.9625 0.08333333333333333 0.9302083333333333 0.07777777777777778 0.9302083333333333 0.07777777777777778 0.925 0.09722222222222222 0.9052083333333333
0 0.05 0.8 0.08333333333333333 0.8041666666666667 0.1111111111111111 0.821875 0.12222222222222222 0.85 0.12361111111111112 0.8895833333333333 0.11666666666666667 0.9010416666666666 0.07916666666666666 0.915625 0.027777777777777776 0.91875 0.016666666666666666 0.9125 0.009722222222222222 0.896875 0.001388888888888889 0.8302083333333333 0.005555555555555556 0.8197916666666667 0.020833333333333332 0.80625
0 0.20277777777777778 0.7302083333333333 0.22916666666666666 0.7333333333333333 0.25 0.7489583333333333 0.2652777777777778 0.7708333333333334 0.25972222222222224 0.7875 0.24722222222222223 0.7958333333333333 0.2152777777777778 0.8041666666666667 0.1597222222222222 0.8052083333333333 0.12916666666666668 0.7947916666666667 0.12083333333333333 0.7864583333333334 0.12361111111111112 0.7739583333333333 0.14583333333333334 0.7458333333333333 0.16527777777777777 0.7354166666666667
0 0.3736111111111111 0.7729166666666667 0.42083333333333334 0.778125 0.45555555555555555 0.7947916666666667 0.47638888888888886 0.821875 0.4638888888888889 0.8375 0.44166666666666665 0.8447916666666667 0.3625 0.8552083333333333 0.3263888888888889 0.8541666666666666 0.30277777777777776 0.8447916666666667 0.28888888888888886 0.8270833333333333 0.2916666666666667 0.8052083333333333 0.3263888888888889 0.78125
0 0.6111111111111112 0.796875 0.6555555555555556 0.8010416666666667 0.6736111111111112 0.809375 0.6722222222222223 0.8229166666666666 0.6569444444444444 0.8447916666666667 0.65 0.8666666666666667 0.6319444444444444 0.8916666666666667 0.6194444444444445 0.8989583333333333 0.5569444444444445 0.9010416666666666 0.5416666666666666 0.8875 0.5375 0.875 0.5486111111111112 0.8364583333333333 0.5694444444444444 0.8083333333333333 0.5833333333333334 0.8010416666666667
0 0.6805555555555556 0.80625 0.7166666666666667 0.8135416666666667 0.7541666666666667 0.834375 0.7652777777777777 0.8510416666666667 0.7652777777777777 0.8770833333333333 0.7555555555555555 0.8875 0.7083333333333334 0.896875 0.65 0.8625 0.6527777777777778 0.8447916666666667 0.6666666666666666 0.8239583333333333 0.6680555555555555 0.8125
0 0.8069444444444445 0.8229166666666666 0.8472222222222222 0.825 0.8930555555555556 0.8416666666666667 0.9013888888888889 0.8666666666666667 0.8944444444444445 0.884375 0.8847222222222222 0.89375 0.8680555555555556 0.9020833333333333 0.8430555555555556 0.9041666666666667 0.8013888888888889 0.8885416666666667 0.7569444444444444 0.8864583333333333 0.7638888888888888 0.8416666666666667
0 0.9291666666666667 0.8322916666666667 0.9777777777777777 0.8395833333333333 0.9902777777777778 0.8489583333333334 1 0.86875 1 0.9083333333333333 0.9944444444444445 0.91875 0.975 0.9395833333333333 0.9388888888888889 0.9552083333333333 0.9236111111111112 0.9541666666666667 0.9041666666666667 0.9375 0.8930555555555556 0.925 0.8833333333333333 0.9010416666666666 0.8972222222222223 0.8739583333333333 0.9 0.853125 0.9194444444444444 0.8354166666666667
0 0.04027777777777778 0.6677083333333333 0.07222222222222222 0.6677083333333333 0.09305555555555556 0.6729166666666667 0.10833333333333334 0.6833333333333333 0.11388888888888889 0.6979166666666666 0.08888888888888889 0.7291666666666666 0.07361111111111111 0.7322916666666667 0.0375 0.7510416666666667 0.022222222222222223 0.7416666666666667 0 0.7364583333333333 0 0.68125 0.025 0.6697916666666667
0 0.08611111111111111 0.7239583333333334 0.12083333333333333 0.7260416666666667 0.1486111111111111 0.7427083333333333 0.1388888888888889 0.7833333333333333 0.06527777777777778 0.7989583333333333 0.0375 0.8 0.0375 0.7458333333333333 0.06666666666666667 0.7291666666666666
0 0.1625 0.6802083333333333 0.2125 0.684375 0.21944444444444444 0.7083333333333334 0.2125 0.7322916666666667 0.15138888888888888 0.7427083333333333 0.09722222222222222 0.7229166666666667 0.12222222222222222 0.6927083333333334
0 0.25416666666666665 0.6447916666666667 0.2763888888888889 0.65625 0.3333333333333333 0.7125 0.3402777777777778 0.759375 0.3277777777777778 0.7697916666666667 0.30833333333333335 0.7729166666666667 0.2791666666666667 0.7708333333333334 0.25416666666666665 0.7489583333333333 0.24027777777777778 0.6822916666666666 0.24305555555555555 0.6625
0 0.4625 0.6489583333333333 0.4861111111111111 0.6489583333333333 0.5069444444444444 0.6572916666666667 0.5138888888888888 0.6802083333333333 0.5111111111111111 0.709375 0.49722222222222223 0.734375 0.4708333333333333 0.7510416666666667 0.4305555555555556 0.7552083333333334 0.41388888888888886 0.746875 0.40555555555555556 0.7270833333333333 0.42083333333333334 0.7083333333333334 0.42916666666666664 0.6708333333333333 0.4486111111111111 0.653125
0 0.5041666666666667 0.7270833333333333 0.5263888888888889 0.7302083333333333 0.5527777777777778 0.740625 0.5763888888888888 0.7583333333333333 0.5861111111111111 0.7895833333333333 0.5791666666666667 0.8052083333333333 0.5694444444444444 0.8135416666666667 0.5555555555555556 0.8177083333333334 0.5041666666666667 0.8177083333333334 0.4722222222222222 0.7895833333333333 0.4652777777777778 0.75625 0.4708333333333333 0.7479166666666667
0 0.7166666666666667 0.68125 0.7333333333333333 0.6864583333333333 0.7527777777777778 0.7020833333333333 0.7625 0.7208333333333333 0.7625 0.7479166666666667 0.7513888888888889 0.7677083333333333 0.7347222222222223 0.78125 0.7097222222222223 0.7875 0.6736111111111112 0.7885416666666667 0.6527777777777778 0.7604166666666666 0.6513888888888889 0.7354166666666667 0.6944444444444444 0.6885416666666667
0 0.5291666666666667 0.6729166666666667 0.5555555555555556 0.6739583333333333 0.5833333333333334 0.6822916666666666 0.6013888888888889 0.7010416666666667 0.6138888888888889 0.7375 0.6041666666666666 0.7520833333333333 0.5833333333333334 0.7635416666666667 0.55 0.74375 0.5055555555555555 0.7291666666666666 0.5041666666666667 0.7208333333333333 0.5166666666666667 0.6958333333333333 0.5166666666666667 0.6802083333333333
0 0.6541666666666667 0.6427083333333333 0.6722222222222223 0.64375 0.6902777777777778 0.6510416666666666 0.7 0.66875 0.6986111111111111 0.684375 0.6888888888888889 0.7020833333333333 0.6541666666666667 0.7302083333333333 0.6361111111111111 0.7364583333333333 0.6180555555555556 0.7364583333333333 0.6069444444444444 0.7270833333333333 0.6027777777777777 0.7083333333333334 0.5875 0.6833333333333333 0.6097222222222223 0.6760416666666667 0.6319444444444444 0.6520833333333333
0 0.7666666666666667 0.7041666666666667 0.8083333333333333 0.70625 0.8111111111111111 0.7208333333333333 0.8208333333333333 0.7322916666666667 0.8736111111111111 0.75625 0.8847222222222222 0.771875 0.8361111111111111 0.7895833333333333 0.8013888888888889 0.7927083333333333 0.7597222222222222 0.775 0.7541666666666667 0.7625 0.7611111111111111 0.740625 0.7569444444444444 0.7083333333333334
0 0.8472222222222222 0.684375 0.9027777777777778 0.6947916666666667 0.9152777777777777 0.703125 0.9333333333333333 0.728125 0.9458333333333333 0.734375 0.9444444444444444 0.7458333333333333 0.9138888888888889 0.7760416666666666 0.8361111111111111 0.7458333333333333 0.8111111111111111 0.7239583333333334 0.8097222222222222 0.7125 0.8152777777777778 0.7020833333333333 0.8319444444444445 0.6895833333333333
0 0.7805555555555556 0.6416666666666667 0.8569444444444444 0.64375 0.8666666666666667 0.6510416666666666 0.8680555555555556 0.66875 0.8527777777777777 0.684375 0.825 0.6958333333333333 0.7722222222222223 0.703125 0.7527777777777778 0.7020833333333333 0.7319444444444444 0.6875 0.7277777777777777 0.675 0.7555555555555555 0.659375 0.7625 0.6447916666666667
0 0.6333333333333333 0.58125 0.6708333333333333 0.584375 0.7138888888888889 0.6010416666666667 0.7472222222222222 0.6260416666666667 0.7388888888888889 0.6416666666666667 0.7194444444444444 0.6479166666666667 0.6527777777777778 0.6427083333333333 0.6305555555555555 0.653125 0.6236111111111111 0.6364583333333333 0.5888888888888889 0.6135416666666667 0.5875 0.6 0.6027777777777777 0.5854166666666667
0 0.5263888888888889 0.5833333333333334 0.5541666666666667 0.5875 0.5666666666666667 0.5958333333333333 0.5680555555555555 0.6166666666666667 0.5722222222222222 0.61875 0.525 0.6479166666666667 0.5013888888888889 0.6520833333333333 0.46111111111111114 0.6489583333333333 0.46111111111111114 0.63125 0.4777777777777778 0.6072916666666667 0.5013888888888889 0.5895833333333333
0 0.4222222222222222 0.5833333333333334 0.45 0.5875 0.4666666666666667 0.6052083333333333 0.4597222222222222 0.640625 0.4486111111111111 0.659375 0.4152777777777778 0.6854166666666667 0.40694444444444444 0.6895833333333333 0.3819444444444444 0.6864583333333333 0.375 0.6822916666666666 0.375 0.6666666666666666 0.38472222222222224 0.6083333333333333 0.40555555555555556 0.6
0 0.2791666666666667 0.6072916666666667 0.31527777777777777 0.6072916666666667 0.37916666666666665 0.615625 0.37222222222222223 0.6822916666666666 0.34305555555555556 0.7 0.32916666666666666 0.703125 0.28888888888888886 0.6760416666666667 0.25972222222222224 0.6479166666666667 0.24722222222222223 0.6177083333333333 0.25555555555555554 0.6114583333333333
0 0.2125 0.6125 0.23472222222222222 0.6135416666666667 0.24861111111111112 0.6208333333333333 0.2569444444444444 0.6416666666666667 0.25277777777777777 0.6572916666666667 0.22777777777777777 0.6791666666666667 0.20277777777777778 0.6854166666666667 0.175 0.684375 0.16805555555555557 0.678125 0.16527777777777777 0.63125
0 0.06666666666666667 0.6083333333333333 0.12222222222222222 0.6166666666666667 0.14444444444444443 0.6239583333333333 0.1638888888888889 0.6364583333333333 0.17083333333333334 0.6520833333333333 0.17083333333333334 0.6729166666666667 0.15833333333333333 0.6854166666666667 0.14166666666666666 0.690625 0.11666666666666667 0.6916666666666667 0.09166666666666666 0.675 0.030555555555555555 0.6697916666666667 0.02638888888888889 0.6520833333333333 0.03611111111111111 0.6239583333333333 0.044444444444444446 0.615625
0 0.2125 0.5520833333333334 0.2222222222222222 0.553125 0.2263888888888889 0.5583333333333333 0.22916666666666666 0.609375 0.22361111111111112 0.615625 0.1625 0.634375 0.08194444444444444 0.6083333333333333 0.1 0.5822916666666667 0.1125 0.5729166666666666 0.14166666666666666 0.565625 0.19444444444444445 0.5625
0 0.33611111111111114 0.5541666666666667 0.35833333333333334 0.5541666666666667 0.38472222222222224 0.5604166666666667 0.4097222222222222 0.5802083333333333 0.4083333333333333 0.5979166666666667 0.39166666666666666 0.6083333333333333 0.3861111111111111 0.6177083333333333 0.36944444444444446 0.625 0.33611111111111114 0.615625 0.2763888888888889 0.6104166666666667 0.26805555555555555 0.6052083333333333 0.2708333333333333 0.5833333333333334 0.2847222222222222 0.5645833333333333 0.2902777777777778 0.5604166666666667
0 0.41388888888888886 0.5395833333333333 0.43472222222222223 0.540625 0.45416666666666666 0.5541666666666667 0.4583333333333333 0.5697916666666667 0.44583333333333336 0.5864583333333333 0.41944444444444445 0.584375 0.40555555555555556 0.5885416666666666 0.3972222222222222 0.5708333333333333 0.37222222222222223 0.559375 0.3819444444444444 0.5583333333333333 0.39305555555555555 0.5479166666666667
0 0.48333333333333334 0.5447916666666667 0.5083333333333333 0.5479166666666667 0.5375 0.56875 0.5458333333333333 0.5822916666666667 0.5347222222222222 0.5895833333333333 0.5069444444444444 0.5947916666666667 0.46805555555555556 0.6208333333333333 0.44722222222222224 0.5864583333333333 0.45 0.5552083333333333 0.4652777777777778 0.546875
0 0.5180555555555556 0.5083333333333333 0.5805555555555556 0.5166666666666667 0.6 0.5239583333333333 0.625 0.5489583333333333 0.625 0.571875 0.6097222222222223 0.5791666666666667 0.5430555555555555 0.5760416666666667 0.5125 0.553125 0.5041666666666667 0.5208333333333334
0 0.6875 0.55 0.7361111111111112 0.55 0.7555555555555555 0.5552083333333333 0.7736111111111111 0.571875 0.775 0.5895833333333333 0.7375 0.6010416666666667 0.7166666666666667 0.6020833333333333 0.6222222222222222 0.58125 0.6361111111111111 0.575 0.6458333333333334 0.5572916666666666
0 0.7944444444444444 0.5333333333333333 0.8319444444444445 0.5375 0.8513888888888889 0.546875 0.8583333333333333 0.5666666666666667 0.85 0.5791666666666667 0.8333333333333334 0.5875 0.8013888888888889 0.5916666666666667 0.7763888888888889 0.5833333333333334 0.7638888888888888 0.565625 0.75 0.55625 0.75 0.5447916666666667
0 0.8847222222222222 0.5354166666666667 0.9375 0.5385416666666667 0.9736111111111111 0.55 0.9819444444444444 0.5604166666666667 0.9763888888888889 0.565625 0.9347222222222222 0.5645833333333333 0.8875 0.5864583333333333 0.8555555555555555 0.5854166666666667 0.85 0.5822916666666667 0.8555555555555555 0.553125 0.8666666666666667 0.5416666666666666
0 0.6388888888888888 0.49270833333333336 0.6694444444444444 0.49583333333333335 0.7361111111111112 0.5166666666666667 0.7569444444444444 0.5333333333333333 0.7541666666666667 0.54375 0.7444444444444445 0.55 0.6416666666666667 0.54375 0.6402777777777777 0.540625 0.65 0.5375 0.6486111111111111 0.5302083333333333 0.6388888888888888 0.5291666666666667 0.6333333333333333 0.51875 0.6152777777777778 0.5208333333333334 0.6263888888888889 0.5020833333333333
0 0.3277777777777778 0.503125 0.42083333333333334 0.509375 0.425 0.5270833333333333 0.41944444444444445 0.5416666666666666 0.38333333333333336 0.5604166666666667 0.3236111111111111 0.5583333333333333 0.31666666666666665 0.5510416666666667 0.31527777777777777 0.53125 0.32916666666666666 0.51875
0 0.2986111111111111 0.5135416666666667 0.32916666666666666 0.51875 0.325 0.5322916666666667 0.3277777777777778 0.5583333333333333 0.3125 0.5666666666666667 0.2777777777777778 0.575 0.2569444444444444 0.5895833333333333 0.24166666666666667 0.5864583333333333 0.2361111111111111 0.5583333333333333 0.25277777777777777 0.5229166666666667
0 0.2013888888888889 0.4947916666666667 0.21805555555555556 0.4947916666666667 0.23333333333333334 0.5 0.24444444444444444 0.5083333333333333 0.25 0.5229166666666667 0.2625 0.5270833333333333 0.24027777777777778 0.5447916666666667 0.19722222222222222 0.5479166666666667 0.17222222222222222 0.5375 0.16527777777777777 0.5270833333333333 0.16944444444444445 0.5072916666666667
0 0.4861111111111111 0.4270833333333333 0.5083333333333333 0.428125 0.5166666666666667 0.4322916666666667 0.5236111111111111 0.4395833333333333 0.5277777777777778 0.46041666666666664 0.49444444444444446 0.48125 0.4708333333333333 0.4822916666666667 0.4486111111111111 0.48854166666666665 0.44027777777777777 0.4625 0.4583333333333333 0.440625
0 0.4791666666666667 0.48020833333333335 0.5 0.4864583333333333 0.5111111111111111 0.5083333333333333 0.4930555555555556 0.534375 0.4625 0.55625 0.45694444444444443 0.55625 0.4305555555555556 0.5385416666666667 0.4305555555555556 0.5114583333333333 0.4513888888888889 0.48854166666666665
0 0.39166666666666666 0.46041666666666664 0.4263888888888889 0.46145833333333336 0.44583333333333336 0.471875 0.4513888888888889 0.48020833333333335 0.45 0.49375 0.4305555555555556 0.5114583333333333 0.42083333333333334 0.5145833333333333 0.3625 0.5125 0.35138888888888886 0.509375 0.33611111111111114 0.49583333333333335 0.35833333333333334 0.47708333333333336
0 0.3388888888888889 0.43020833333333336 0.3611111111111111 0.4322916666666667 0.39305555555555555 0.4583333333333333 0.4013888888888889 0.47291666666666665 0.3458333333333333 0.496875 0.33194444444444443 0.49895833333333334 0.30277777777777776 0.49270833333333336 0.28888888888888886 0.4791666666666667 0.31666666666666665 0.440625
0 0.2611111111111111 0.415625 0.26805555555555555 0.4166666666666667 0.28194444444444444 0.43125 0.28888888888888886 0.47604166666666664 0.2833333333333333 0.5 0.2708333333333333 0.5208333333333334 0.25416666666666665 0.5239583333333333 0.23055555555555557 0.503125 0.20277777777777778 0.49166666666666664 0.2013888888888889 0.48125 0.21388888888888888 0.46979166666666666 0.23333333333333334 0.4375 0.25833333333333336 0.43125 0.25555555555555554 0.41770833333333335
0 0.08194444444444444 0.46041666666666664 0.13055555555555556 0.4625 0.1597222222222222 0.4739583333333333 0.1638888888888889 0.5104166666666666 0.15555555555555556 0.5270833333333333 0.08472222222222223 0.5260416666666666 0.06388888888888888 0.5125 0.04583333333333333 0.4739583333333333 0.05138888888888889 0.46770833333333334
0 0.9680555555555556 0.9416666666666667 0.9847222222222223 0.9427083333333334 1 0.953125 1 1 0.9375 1 0.9486111111111111 0.9541666666666667 0.9541666666666667 0.946875