0 0.4638888888888889 0.85 0.5152777777777777 0.8552083333333333 0.5597222222222222 0.8666666666666667 0.5972222222222222 0.88125 0.6388888888888888 0.9104166666666667 0.6555555555555556 0.9302083333333333 0.6597222222222222 0.9520833333333333 0.6277777777777778 1 0.42083333333333334 1 0.4 0.9927083333333333 0.3597222222222222 0.9645833333333333 0.3458333333333333 0.9302083333333333 0.3458333333333333 0.9083333333333333 0.3527777777777778 0.8916666666666667 0.37916666666666665 0.8677083333333333 0.4027777777777778 0.85625
0 0.21388888888888888 0.6947916666666667 0.31805555555555554 0.7010416666666667 0.3972222222222222 0.7239583333333334 0.4041666666666667 0.734375 0.41388888888888886 0.7364583333333333 0.43472222222222223 0.7541666666666667 0.44166666666666665 0.7666666666666667 0.4597222222222222 0.775 0.4652777777777778 0.7833333333333333 0.4638888888888889 0.7989583333333333 0.4444444444444444 0.8010416666666667 0.44027777777777777 0.815625 0.4222222222222222 0.8416666666666667 0.3972222222222222 0.85625 0.35 0.865625 0.3055555555555556 0.8645833333333334 0.2513888888888889 0.853125 0.15555555555555556 0.7885416666666667 0.14444444444444443 0.7760416666666666 0.13472222222222222 0.7489583333333333 0.13472222222222222 0.728125 0.12916666666666668 0.7197916666666667 0.13333333333333333 0.7135416666666666 0.17083333333333334 0.7
0 0.31527777777777777 0.49166666666666664 0.34444444444444444 0.49270833333333336 0.3736111111111111 0.503125 0.43472222222222223 0.553125 0.4583333333333333 0.5885416666666666 0.4722222222222222 0.621875 0.4777777777777778 0.6645833333333333 0.4583333333333333 0.7020833333333333 0.44305555555555554 0.7135416666666666 0.4111111111111111 0.7177083333333333 0.3763888888888889 0.7135416666666666 0.3236111111111111 0.6447916666666667 0.3125 0.61875 0.29305555555555557 0.525 0.29583333333333334 0.50625
0 0.6638888888888889 0.4552083333333333 0.6763888888888889 0.45729166666666665 0.6902777777777778 0.4666666666666667 0.7097222222222223 0.5 0.6944444444444444 0.55 0.6708333333333333 0.584375 0.6277777777777778 0.6177083333333333 0.5847222222222223 0.6364583333333333 0.5430555555555555 0.6416666666666667 0.5305555555555556 0.6385416666666667 0.5236111111111111 0.63125 0.5027777777777778 0.6270833333333333 0.48333333333333334 0.6114583333333333 0.475 0.59375 0.47638888888888886 0.5645833333333333 0.4986111111111111 0.5270833333333333 0.5166666666666667 0.5125 0.5430555555555555 0.5 0.6180555555555556 0.4864583333333333 0.6416666666666667 0.47291666666666665 0.6444444444444445 0.4625
0 0.7916666666666666 0.47604166666666664 0.8236111111111111 0.47708333333333336 0.8597222222222223 0.484375 0.8986111111111111 0.49895833333333334 0.9375 0.521875 0.9652777777777778 0.5458333333333333 0.9958333333333333 0.5875 0.9958333333333333 0.5979166666666667 0.9861111111111112 0.6 0.9791666666666666 0.6125 0.9694444444444444 0.615625 0.9541666666666667 0.6052083333333333 0.8027777777777778 0.60625 0.7625 0.5979166666666667 0.7375 0.5864583333333333 0.7222222222222222 0.5739583333333333 0.7055555555555556 0.5427083333333333 0.7041666666666667 0.5239583333333333 0.7097222222222223 0.50625 0.7277777777777777 0.4895833333333333 0.7430555555555556 0.48333333333333334
0 0.9666666666666667 0.6510416666666666 1 0.6541666666666667 1 0.8708333333333333 0.9472222222222222 0.8770833333333333 0.9236111111111112 0.875 0.8958333333333334 0.865625 0.8666666666666667 0.8375 0.8527777777777777 0.8010416666666667 0.8527777777777777 0.7520833333333333 0.8680555555555556 0.7177083333333333 0.9027777777777778 0.678125 0.9222222222222223 0.665625
0 0.7902777777777777 0.6302083333333334 0.8333333333333334 0.634375 0.9166666666666666 0.634375 0.9347222222222222 0.6427083333333333 0.9361111111111111 0.6572916666666667 0.8930555555555556 0.6885416666666667 0.8597222222222223 0.7322916666666667 0.8430555555555556 0.7427083333333333 0.8208333333333333 0.7479166666666667 0.7611111111111111 0.75 0.7 0.7635416666666667 0.6583333333333333 0.7635416666666667 0.6375 0.7479166666666667 0.6277777777777778 0.7239583333333334 0.6527777777777778 0.6791666666666667 0.6694444444444444 0.6666666666666666 0.7305555555555555 0.6385416666666667
0 0.8444444444444444 0.8489583333333334 0.8777777777777778 0.8520833333333333 0.9222222222222223 0.8729166666666667 0.9361111111111111 0.9020833333333333 0.9361111111111111 0.928125 0.9291666666666667 0.94375 0.8819444444444444 0.9958333333333333 0.875 1 0.6236111111111111 1 0.6722222222222223 0.9302083333333333 0.7180555555555556 0.8885416666666667 0.7736111111111111 0.8645833333333334
0 0.2625 0.9 0.2986111111111111 0.9010416666666666 0.3236111111111111 0.9104166666666667 0.32916666666666666 0.9166666666666666 0.3277777777777778 0.9364583333333333 0.33611111111111114 0.9520833333333333 0.3194444444444444 0.9635416666666666 0.32083333333333336 0.9770833333333333 0.2972222222222222 1 0.08055555555555556 1 0.1 0.9739583333333334 0.11805555555555555 0.9708333333333333 0.13055555555555556 0.9572916666666667 0.13472222222222222 0.94375 0.16805555555555557 0.9229166666666667 0.2111111111111111 0.9083333333333333
0 0 0.6427083333333333 0 0.8614583333333333 0.02638888888888889 0.8677083333333333 0.07083333333333333 0.8677083333333333 0.1125 0.8625 0.13333333333333333 0.85 0.15833333333333333 0.8072916666666666 0.15833333333333333 0.7864583333333334 0.13472222222222222 0.7291666666666666 0.10277777777777777 0.6916666666666667 0.06666666666666667 0.665625 0.0375 0.6510416666666666
0 0.1 0.5739583333333333 0.11805555555555555 0.575 0.15555555555555556 0.5895833333333333 0.23055555555555557 0.5989583333333334 0.3055555555555556 0.6208333333333333 0.31805555555555554 0.63125 0.3333333333333333 0.6552083333333333 0.35138888888888886 0.696875 0.3194444444444444 0.7052083333333333 0.22916666666666666 0.7010416666666667 0.16527777777777777 0.7052083333333333 0.1527777777777778 0.7010416666666667 0.10833333333333334 0.6729166666666667 0.09305555555555556 0.6572916666666667 0.08055555555555556 0.634375 0.07777777777777778 0.6052083333333333 0.08333333333333333 0.5895833333333333
0 0.20972222222222223 0.325 0.3763888888888889 0.3302083333333333 0.3861111111111111 0.34791666666666665 0.38472222222222224 0.37604166666666666 0.35 0.41041666666666665 0.2986111111111111 0.434375 0.24444444444444444 0.44583333333333336 0.18611111111111112 0.44375 0.15694444444444444 0.43333333333333335 0.1361111111111111 0.41770833333333335 0.12638888888888888 0.40208333333333335 0.12638888888888888 0.3802083333333333 0.14166666666666666 0.3541666666666667 0.1625 0.3385416666666667
0 0.2652777777777778 0.23645833333333333 0.2986111111111111 0.23645833333333333 0.3263888888888889 0.24166666666666667 0.3458333333333333 0.25104166666666666 0.3611111111111111 0.265625 0.36666666666666664 0.275 0.36666666666666664 0.29791666666666666 0.34444444444444444 0.3260416666666667 0.30972222222222223 0.3302083333333333 0.24861111111111112 0.3229166666666667 0.21388888888888888 0.32395833333333335 0.175 0.3333333333333333 0.1361111111111111 0.359375 0.12916666666666668 0.34479166666666666 0.1125 0.328125 0.10833333333333334 0.3145833333333333 0.11388888888888889 0.30625 0.1736111111111111 0.28229166666666666 0.22777777777777777 0.246875
0 0.7444444444444445 0.3645833333333333 0.8333333333333334 0.3697916666666667 0.9166666666666666 0.3885416666666667 0.9402777777777778 0.4041666666666667 0.9555555555555556 0.42291666666666666 0.9652777777777778 0.44375 0.9611111111111111 0.45729166666666665 0.9291666666666667 0.46458333333333335 0.8736111111111111 0.465625 0.8180555555555555 0.475 0.7666666666666667 0.47708333333333336 0.7541666666666667 0.4739583333333333 0.6944444444444444 0.43125 0.6833333333333333 0.4166666666666667 0.6791666666666667 0.39791666666666664 0.6805555555555556 0.3875 0.6930555555555555 0.37604166666666666 0.7194444444444444 0.36666666666666664
0 0.875 0.225 0.9111111111111111 0.23125 0.9125 0.23958333333333334 0.9444444444444444 0.25729166666666664 0.9472222222222222 0.26666666666666666 0.9916666666666667 0.296875 1 0.3104166666666667 1 0.42604166666666665 0.9777777777777777 0.4479166666666667 0.9652777777777778 0.44479166666666664 0.95 0.42083333333333334 0.925 0.4 0.9083333333333333 0.390625 0.875 0.384375 0.8569444444444444 0.36770833333333336 0.8416666666666667 0.33125 0.8388888888888889 0.26458333333333334 0.8458333333333333 0.24791666666666667