0 0.7694444444444445 0.7635416666666667 0.8375 0.7677083333333333 0.8541666666666666 0.7958333333333333 0.85 0.8260416666666667 0.8138888888888889 0.8354166666666667 0.7375 0.8395833333333333 0.6916666666666667 0.8364583333333333 0.6944444444444444 0.81875 0.7208333333333333 0.7822916666666667 0.7444444444444445 0.7697916666666667
0 0.5194444444444445 0.7260416666666667 0.5694444444444444 0.7322916666666667 0.5986111111111111 0.7510416666666667 0.6125 0.7697916666666667 0.6180555555555556 0.7916666666666666 0.6152777777777778 0.80625 0.6069444444444444 0.8145833333333333 0.5819444444444445 0.81875 0.5444444444444444 0.79375 0.5 0.775 0.49166666666666664 0.7625 0.49166666666666664 0.7458333333333333 0.5069444444444444 0.7302083333333333
0 0.1986111111111111 0.6395833333333333 0.25416666666666665 0.64375 0.2861111111111111 0.6583333333333333 0.29305555555555557 0.66875 0.29444444444444445 0.6854166666666667 0.2833333333333333 0.709375 0.25416666666666665 0.7229166666666667 0.2263888888888889 0.7260416666666667 0.19027777777777777 0.7145833333333333 0.16111111111111112 0.6958333333333333 0.14444444444444443 0.671875 0.14166666666666666 0.6583333333333333 0.16527777777777777 0.6447916666666667
0 0.42777777777777776 0.709375 0.44722222222222224 0.7104166666666667 0.46111111111111114 0.725 0.4625 0.746875 0.4513888888888889 0.7875 0.41805555555555557 0.7927083333333333 0.3402777777777778 0.79375 0.31527777777777777 0.7927083333333333 0.2986111111111111 0.7864583333333334 0.3763888888888889 0.7229166666666667
0 0.29444444444444445 0.703125 0.3236111111111111 0.703125 0.3388888888888889 0.7072916666666667 0.3472222222222222 0.7135416666666666 0.3541666666666667 0.7291666666666666 0.3472222222222222 0.746875 0.30416666666666664 0.7854166666666667 0.2708333333333333 0.7895833333333333 0.2013888888888889 0.7895833333333333 0.1638888888888889 0.784375 0.2361111111111111 0.7291666666666666
0 0.08611111111111111 0.5833333333333334 0.10138888888888889 0.5864583333333333 0.14722222222222223 0.6166666666666667 0.16111111111111112 0.6416666666666667 0.16111111111111112 0.6479166666666667 0.15138888888888888 0.6572916666666667 0.15 0.6729166666666667 0.1638888888888889 0.696875 0.15416666666666667 0.7072916666666667 0.12916666666666668 0.715625 0.10138888888888889 0.7145833333333333 0.06388888888888888 0.7052083333333333 0.044444444444444446 0.6979166666666666 0.030555555555555555 0.6822916666666666 0.029166666666666667 0.65625 0.0375 0.6333333333333333 0.03194444444444444 0.6041666666666666 0.03888888888888889 0.5958333333333333
0 0.4111111111111111 0.5385416666666667 0.4444444444444444 0.540625 0.45694444444444443 0.5510416666666667 0.4722222222222222 0.5822916666666667 0.4666666666666667 0.6385416666666667 0.475 0.6697916666666667 0.45555555555555555 0.6791666666666667 0.44166666666666665 0.6770833333333334 0.3972222222222222 0.6520833333333333 0.3736111111111111 0.6229166666666667 0.36666666666666664 0.6041666666666666 0.3625 0.5770833333333333 0.37083333333333335 0.55625 0.38333333333333336 0.5458333333333333
0 0.2972222222222222 0.5875 0.3263888888888889 0.590625 0.3527777777777778 0.60625 0.3486111111111111 0.6270833333333333 0.31527777777777777 0.65 0.2861111111111111 0.6604166666666667 0.2625 0.646875 0.19444444444444445 0.6354166666666666 0.20277777777777778 0.621875 0.24027777777777778 0.6010416666666667 0.26666666666666666 0.5916666666666667
0 0.07083333333333333 0.5041666666666667 0.14027777777777778 0.5052083333333334 0.1597222222222222 0.51875 0.16666666666666666 0.534375 0.12916666666666668 0.5520833333333334 0.10138888888888889 0.5802083333333333 0.03888888888888889 0.5958333333333333 0.016666666666666666 0.59375 0.004166666666666667 0.584375 0 0.5739583333333333 0.013888888888888888 0.5447916666666667 0.0125 0.5322916666666667 0.0375 0.5270833333333333 0.058333333333333334 0.5072916666666667
0 0.8333333333333334 0.5927083333333333 0.8597222222222223 0.6020833333333333 0.8777777777777778 0.6166666666666667 0.8847222222222222 0.6458333333333334 0.8611111111111112 0.6760416666666667 0.8208333333333333 0.684375 0.7958333333333333 0.6833333333333333 0.7736111111111111 0.671875 0.7666666666666667 0.6416666666666667 0.7777777777777778 0.6239583333333333 0.7944444444444444 0.6104166666666667
0 0.39305555555555555 0.46458333333333335 0.44166666666666665 0.46770833333333334 0.475 0.48333333333333334 0.4791666666666667 0.49375 0.46805555555555556 0.5239583333333333 0.46111111111111114 0.5302083333333333 0.38333333333333336 0.5229166666666667 0.3236111111111111 0.48541666666666666 0.3263888888888889 0.478125 0.3527777777777778 0.46875
0 0.4861111111111111 0.4895833333333333 0.5055555555555555 0.49270833333333336 0.5638888888888889 0.5260416666666666 0.5875 0.56875 0.5819444444444445 0.5833333333333334 0.5569444444444445 0.590625 0.5361111111111111 0.590625 0.49027777777777776 0.5625 0.4625 0.521875 0.46805555555555556 0.49895833333333334
0 0.6583333333333333 0.5125 0.7013888888888888 0.5260416666666666 0.7055555555555556 0.5458333333333333 0.6986111111111111 0.5572916666666666 0.6736111111111112 0.5729166666666666 0.6111111111111112 0.5729166666666666 0.5986111111111111 0.5854166666666667 0.5902777777777778 0.5854166666666667 0.5777777777777777 0.5541666666666667 0.5791666666666667 0.5291666666666667 0.6069444444444444 0.5197916666666667
0 0.7763888888888889 0.5166666666666667 0.8208333333333333 0.5208333333333334 0.8638888888888889 0.5385416666666667 0.875 0.5541666666666667 0.8694444444444445 0.5760416666666667 0.8513888888888889 0.5885416666666666 0.8319444444444445 0.5947916666666667 0.8097222222222222 0.5739583333333333 0.7736111111111111 0.5645833333333333 0.7583333333333333 0.553125 0.7402777777777778 0.5479166666666667 0.7333333333333333 0.540625 0.7333333333333333 0.5291666666666667 0.7458333333333333 0.521875
0 0.8652777777777778 0.5010416666666667 0.8972222222222223 0.503125 0.9416666666666667 0.5135416666666667 0.9527777777777777 0.51875 0.9555555555555556 0.5270833333333333 0.9569444444444445 0.546875 0.9472222222222222 0.5666666666666667 0.9430555555555555 0.5927083333333333 0.9347222222222222 0.5958333333333333 0.9319444444444445 0.6052083333333333 0.9097222222222222 0.60625 0.8861111111111111 0.6239583333333333 0.8555555555555555 0.603125 0.8291666666666667 0.5947916666666667 0.8402777777777778 0.5833333333333334 0.8625 0.5760416666666667 0.8694444444444445 0.5583333333333333 0.8638888888888889 0.5458333333333333 0.8194444444444444 0.51875 0.8416666666666667 0.50625