0 0.5541666666666667 0.7541666666666667 0.5875 0.7541666666666667 0.6055555555555555 0.7583333333333333 0.6361111111111111 0.7739583333333333 0.6680555555555555 0.8010416666666667 0.7041666666666667 0.8552083333333333 0.7625 0.9239583333333333 0.7652777777777777 0.9395833333333333 0.7513888888888889 0.9541666666666667 0.7305555555555555 0.9604166666666667 0.6819444444444445 0.9635416666666666 0.6458333333333334 0.953125 0.6097222222222223 0.9375 0.5680555555555555 0.9125 0.5416666666666666 0.890625 0.5041666666666667 0.8447916666666667 0.4930555555555556 0.796875 0.5041666666666667 0.7760416666666666 0.5180555555555556 0.7645833333333333
0 0.7097222222222223 0.709375 0.7597222222222222 0.7166666666666667 0.7833333333333333 0.7333333333333333 0.8236111111111111 0.7729166666666667 0.8625 0.8260416666666667 0.8791666666666667 0.8791666666666667 0.8763888888888889 0.90625 0.8638888888888889 0.9322916666666666 0.8375 0.9489583333333333 0.8208333333333333 0.9458333333333333 0.7958333333333333 0.9302083333333333 0.7416666666666667 0.88125 0.7041666666666667 0.85625 0.6763888888888889 0.815625 0.6569444444444444 0.796875 0.6513888888888889 0.7604166666666666 0.6583333333333333 0.7385416666666667 0.6736111111111112 0.7208333333333333
0 0.7944444444444444 0.6510416666666666 0.8236111111111111 0.6552083333333333 0.8625 0.684375 0.9486111111111111 0.7197916666666667 0.9916666666666667 0.753125 1 0.7635416666666667 1 0.8354166666666667 0.9958333333333333 0.8385416666666666 0.925 0.8447916666666667 0.8625 0.821875 0.8513888888888889 0.8135416666666667 0.8166666666666667 0.7666666666666667 0.7638888888888888 0.721875 0.7611111111111111 0.690625 0.7666666666666667 0.671875 0.7791666666666667 0.65625
0 0.25277777777777777 0.69375 0.2972222222222222 0.6947916666666667 0.3347222222222222 0.7083333333333334 0.38333333333333336 0.7395833333333334 0.4305555555555556 0.7875 0.4486111111111111 0.8197916666666667 0.45 0.85625 0.43472222222222223 0.8822916666666667 0.4083333333333333 0.8989583333333333 0.3902777777777778 0.9 0.33194444444444443 0.8614583333333333 0.22916666666666666 0.825 0.24166666666666667 0.746875 0.23472222222222222 0.7239583333333334 0.22083333333333333 0.70625
0 0.16527777777777777 0.6875 0.19027777777777777 0.6895833333333333 0.20694444444444443 0.6958333333333333 0.2263888888888889 0.7083333333333334 0.2388888888888889 0.7270833333333333 0.24305555555555555 0.76875 0.23055555555555557 0.825 0.20416666666666666 0.8770833333333333 0.16666666666666666 0.9302083333333333 0.14722222222222223 0.946875 0.14166666666666666 0.9604166666666667 0.0625 0.9729166666666667 0.04027777777777778 0.965625 0.034722222222222224 0.959375 0.04722222222222222 0.8833333333333333 0.044444444444444446 0.8125 0.05 0.7833333333333333 0.06944444444444445 0.74375 0.10138888888888889 0.7104166666666667 0.13055555555555556 0.6958333333333333
0 0.2361111111111111 0.8270833333333333 0.3125 0.8489583333333334 0.40555555555555556 0.90625 0.43333333333333335 0.93125 0.4513888888888889 0.9604166666666667 0.45555555555555555 1 0.24444444444444444 1 0.22361111111111112 0.9885416666666667 0.19444444444444445 0.9635416666666666 0.17916666666666667 0.9385416666666667 0.1763888888888889 0.9239583333333333 0.2125 0.853125 0.22916666666666666 0.8291666666666667
0 0.07222222222222222 0.5697916666666667 0.22361111111111112 0.5822916666666667 0.2388888888888889 0.5958333333333333 0.23472222222222222 0.6229166666666667 0.2222222222222222 0.6385416666666667 0.20416666666666666 0.6489583333333333 0.1361111111111111 0.6708333333333333 0.08055555555555556 0.678125 0 0.6729166666666667 0 0.5979166666666667 0.022222222222222223 0.5833333333333334
0 0.05555555555555555 0.46458333333333335 0.09166666666666666 0.4666666666666667 0.14166666666666666 0.4864583333333333 0.1986111111111111 0.5375 0.22083333333333333 0.584375 0.1736111111111111 0.584375 0.10277777777777777 0.571875 0.05694444444444444 0.559375 0.009722222222222222 0.534375 0.002777777777777778 0.5208333333333334 0 0.49270833333333336 0.006944444444444444 0.4822916666666667 0.022222222222222223 0.47291666666666665
0 0.2708333333333333 0.4895833333333333 0.3 0.49270833333333336 0.3333333333333333 0.5145833333333333 0.35555555555555557 0.5447916666666667 0.36666666666666664 0.5708333333333333 0.3680555555555556 0.6104166666666667 0.3638888888888889 0.621875 0.3486111111111111 0.6395833333333333 0.31805555555555554 0.65625 0.30416666666666664 0.65625 0.2902777777777778 0.6479166666666667 0.25972222222222224 0.6072916666666667 0.2125 0.56875 0.1986111111111111 0.5427083333333333 0.19722222222222222 0.5270833333333333 0.2152777777777778 0.503125 0.2513888888888889 0.490625
0 0.1 0.3854166666666667 0.12777777777777777 0.38645833333333335 0.16111111111111112 0.39375 0.2152777777777778 0.42083333333333334 0.23194444444444445 0.4354166666666667 0.24583333333333332 0.45729166666666665 0.25277777777777777 0.49270833333333336 0.2 0.515625 0.19166666666666668 0.509375 0.1527777777777778 0.4979166666666667 0.12638888888888888 0.48020833333333335 0.07777777777777778 0.4666666666666667 0.059722222222222225 0.44479166666666664 0.05277777777777778 0.41354166666666664 0.05694444444444444 0.4041666666666667 0.07222222222222222 0.3927083333333333
0 0.26666666666666666 0.3458333333333333 0.2833333333333333 0.346875 0.31527777777777777 0.3645833333333333 0.3402777777777778 0.403125 0.34305555555555556 0.4375 0.3388888888888889 0.45416666666666666 0.32222222222222224 0.4791666666666667 0.3055555555555556 0.490625 0.25277777777777777 0.48541666666666666 0.23472222222222222 0.43854166666666666 0.2152777777777778 0.4166666666666667 0.2111111111111111 0.38958333333333334 0.22361111111111112 0.36666666666666664 0.2361111111111111 0.3572916666666667
0 0.09166666666666666 0.321875 0.15416666666666667 0.3260416666666667 0.20833333333333334 0.33958333333333335 0.2263888888888889 0.35625 0.2013888888888889 0.39479166666666665 0.18472222222222223 0.39895833333333336 0.09861111111111111 0.3885416666666667 0.075 0.3958333333333333 0.05138888888888889 0.409375 0.034722222222222224 0.41041666666666665 0.016666666666666666 0.40520833333333334 0 0.378125 0 0.3645833333333333 0.008333333333333333 0.35208333333333336 0.04027777777777778 0.33125 0.0625 0.32395833333333335
0 0.11666666666666667 0.26875 0.18472222222222223 0.27395833333333336 0.25416666666666665 0.2989583333333333 0.26944444444444443 0.3145833333333333 0.26805555555555555 0.3302083333333333 0.2361111111111111 0.34375 0.21388888888888888 0.34479166666666666 0.15694444444444444 0.3302083333333333 0.0625 0.325 0.05555555555555555 0.3177083333333333 0.0625 0.2875 0.08194444444444444 0.27395833333333336
0 0.13055555555555556 0.18541666666666667 0.16944444444444445 0.1875 0.25972222222222224 0.2375 0.2708333333333333 0.25104166666666666 0.25972222222222224 0.2708333333333333 0.24444444444444444 0.2760416666666667 0.2013888888888889 0.278125 0.12083333333333333 0.259375 0.09444444444444444 0.23854166666666668 0.08472222222222223 0.21354166666666666 0.1 0.19270833333333334
0 0.22361111111111112 0.21041666666666667 0.2611111111111111 0.21666666666666667 0.30277777777777776 0.21770833333333334 0.31805555555555554 0.221875 0.3333333333333333 0.23333333333333334 0.34444444444444444 0.25104166666666666 0.3486111111111111 0.271875 0.34305555555555556 0.32916666666666666 0.30277777777777776 0.33125 0.2763888888888889 0.325 0.25555555555555554 0.3 0.23055555555555557 0.290625 0.21944444444444444 0.28125 0.22361111111111112 0.27708333333333335 0.24722222222222223 0.275 0.26666666666666666 0.25416666666666665 0.2611111111111111 0.24270833333333333 0.21666666666666667 0.21666666666666667
0 0.19583333333333333 0.14791666666666667 0.25555555555555554 0.15104166666666666 0.2763888888888889 0.16666666666666666 0.3277777777777778 0.18645833333333334 0.3333333333333333 0.19479166666666667 0.33194444444444443 0.20520833333333333 0.3125 0.22083333333333333 0.2875 0.22395833333333334 0.22777777777777777 0.21875 0.2 0.20833333333333334 0.17222222222222222 0.19166666666666668 0.1597222222222222 0.16875 0.16111111111111112 0.16354166666666667 0.17916666666666667 0.15208333333333332
0 0.4625 0.08541666666666667 0.48055555555555557 0.08645833333333333 0.5097222222222222 0.1 0.5291666666666667 0.15 0.525 0.178125 0.49444444444444446 0.18958333333333333 0.48055555555555557 0.18645833333333334 0.46944444444444444 0.153125 0.44583333333333336 0.13958333333333334 0.4305555555555556 0.11458333333333333 0.43194444444444446 0.1 0.4513888888888889 0.0875
0 0.4388888888888889 0.14375 0.4652777777777778 0.14791666666666667 0.4777777777777778 0.16354166666666667 0.4777777777777778 0.18020833333333333 0.45416666666666666 0.2125 0.43194444444444446 0.225 0.4125 0.23020833333333332 0.36666666666666664 0.22604166666666667 0.3527777777777778 0.22083333333333333 0.33611111111111114 0.20104166666666667 0.34305555555555556 0.17604166666666668 0.37083333333333335 0.15833333333333333 0.4041666666666667 0.15416666666666667
0 0.2902777777777778 0.09895833333333333 0.3055555555555556 0.10104166666666667 0.31666666666666665 0.11666666666666667 0.3388888888888889 0.134375 0.3875 0.15208333333333332 0.37222222222222223 0.165625 0.3472222222222222 0.178125 0.33194444444444443 0.19583333333333333 0.30833333333333335 0.18020833333333333 0.26805555555555555 0.165625 0.25416666666666665 0.15208333333333332 0.25416666666666665 0.13125 0.2611111111111111 0.115625
0 0.3375 0.05416666666666667 0.35694444444444445 0.05416666666666667 0.3763888888888889 0.06145833333333333 0.39861111111111114 0.07604166666666666 0.41944444444444445 0.09791666666666667 0.43333333333333335 0.13645833333333332 0.4263888888888889 0.15208333333333332 0.3972222222222222 0.159375 0.375 0.15729166666666666 0.3402777777777778 0.14166666666666666 0.31805555555555554 0.125 0.30416666666666664 0.09791666666666667 0.3055555555555556 0.07708333333333334 0.31805555555555554 0.06145833333333333
0 0.49027777777777776 0.5395833333333333 0.5125 0.5447916666666667 0.5333333333333333 0.5427083333333333 0.5736111111111111 0.546875 0.5930555555555556 0.559375 0.6388888888888888 0.5770833333333333 0.6666666666666666 0.6072916666666667 0.6638888888888889 0.6208333333333333 0.6513888888888889 0.6375 0.6083333333333333 0.65625 0.5625 0.6583333333333333 0.48194444444444445 0.646875 0.4305555555555556 0.634375 0.40694444444444444 0.6229166666666667 0.39305555555555555 0.60625 0.3875 0.5854166666666667 0.4041666666666667 0.5583333333333333 0.43194444444444446 0.5447916666666667 0.46805555555555556 0.5458333333333333
0 0.5569444444444445 0.428125 0.6013888888888889 0.4322916666666667 0.6222222222222222 0.446875 0.6361111111111111 0.4666666666666667 0.6402777777777777 0.484375 0.6305555555555555 0.5135416666666667 0.6138888888888889 0.534375 0.5986111111111111 0.540625 0.5291666666666667 0.5364583333333334 0.5152777777777777 0.528125 0.5041666666666667 0.5072916666666667 0.5013888888888889 0.484375 0.5069444444444444 0.46041666666666664 0.5305555555555556 0.440625
0 0.6291666666666667 0.44375 0.6597222222222222 0.4479166666666667 0.6972222222222222 0.46458333333333335 0.7166666666666667 0.48020833333333335 0.7416666666666667 0.5125 0.7513888888888889 0.534375 0.7541666666666667 0.5645833333333333 0.7430555555555556 0.5895833333333333 0.7291666666666666 0.6 0.6666666666666666 0.596875 0.6416666666666667 0.58125 0.6097222222222223 0.5510416666666667 0.6083333333333333 0.5447916666666667 0.6263888888888889 0.521875 0.6375 0.49166666666666664 0.6361111111111111 0.4708333333333333 0.6277777777777778 0.45625
0 0.5111111111111111 0.39166666666666666 0.5291666666666667 0.39166666666666666 0.5805555555555556 0.4041666666666667 0.6 0.415625 0.6013888888888889 0.42916666666666664 0.5555555555555556 0.42916666666666664 0.5083333333333333 0.45 0.44583333333333336 0.4479166666666667 0.41388888888888886 0.440625 0.4111111111111111 0.40520833333333334
0 0.7958333333333333 0.5375 0.8402777777777778 0.5385416666666667 0.8763888888888889 0.546875 0.9180555555555555 0.5666666666666667 0.9347222222222222 0.58125 0.9791666666666666 0.596875 0.9930555555555556 0.60625 1 0.615625 1 0.6927083333333334 0.8986111111111111 0.6666666666666666 0.8319444444444445 0.65625 0.7888888888888889 0.6322916666666667 0.7569444444444444 0.596875 0.7527777777777778 0.5760416666666667 0.7625 0.55625
0 0.9 0.46145833333333336 0.9736111111111111 0.46770833333333334 0.9916666666666667 0.4791666666666667 0.9611111111111111 0.4895833333333333 0.9388888888888889 0.5052083333333334 0.9125 0.5416666666666666 0.9013888888888889 0.5479166666666667 0.8791666666666667 0.5489583333333333 0.8152777777777778 0.5385416666666667 0.8083333333333333 0.5302083333333333 0.8083333333333333 0.5166666666666667 0.8180555555555555 0.49375 0.8416666666666667 0.47604166666666664 0.8763888888888889 0.46458333333333335
0 0.8152777777777778 0.2375 0.8930555555555556 0.24791666666666667 0.9222222222222223 0.26145833333333335 0.9527777777777777 0.29270833333333335 0.9555555555555556 0.315625 0.9361111111111111 0.32395833333333335 0.8986111111111111 0.325 0.8263888888888888 0.33645833333333336 0.7722222222222223 0.32916666666666666 0.7569444444444444 0.31979166666666664 0.7513888888888889 0.30625 0.7513888888888889 0.28854166666666664 0.7611111111111111 0.259375 0.7736111111111111 0.246875
0 0.6138888888888889 0.29583333333333334 0.6513888888888889 0.30104166666666665 0.6736111111111112 0.3145833333333333 0.6805555555555556 0.334375 0.6791666666666667 0.3541666666666667 0.6652777777777777 0.38229166666666664 0.6472222222222223 0.39791666666666664 0.6222222222222222 0.4083333333333333 0.5944444444444444 0.4125 0.5402777777777777 0.39479166666666665 0.5291666666666667 0.365625 0.5708333333333333 0.31354166666666666 0.5888888888888889 0.303125
0 0.8555555555555555 0.3958333333333333 0.9180555555555555 0.39791666666666664 0.9861111111111112 0.4197916666666667 1 0.428125 1 0.47708333333333336 0.9819444444444444 0.48020833333333335 0.9138888888888889 0.46875 0.8458333333333333 0.47291666666666665 0.8125 0.46145833333333336 0.7986111111111112 0.44583333333333336 0.8055555555555556 0.41770833333333335 0.8236111111111111 0.40520833333333334
0 0.9194444444444444 0.321875 0.9680555555555556 0.3260416666666667 0.9902777777777778 0.35 0.9930555555555556 0.3697916666666667 0.9861111111111112 0.38125 0.9486111111111111 0.39791666666666664 0.8458333333333333 0.39895833333333336 0.8055555555555556 0.38229166666666664 0.7888888888888889 0.36666666666666664 0.7902777777777777 0.34791666666666665 0.7986111111111112 0.33958333333333335
0 0.5375 0.24895833333333334 0.5611111111111111 0.253125 0.5875 0.2760416666666667 0.5972222222222222 0.278125 0.6041666666666666 0.29270833333333335 0.5930555555555556 0.30416666666666664 0.575 0.31145833333333334 0.5388888888888889 0.34791666666666665 0.5166666666666667 0.3614583333333333 0.4861111111111111 0.36666666666666664 0.4527777777777778 0.35833333333333334 0.44305555555555554 0.35208333333333336 0.4361111111111111 0.33541666666666664 0.4361111111111111 0.315625 0.44583333333333336 0.29270833333333335 0.4777777777777778 0.271875 0.5 0.26666666666666666
0 0.36944444444444446 0.32395833333333335 0.39305555555555555 0.32395833333333335 0.42777777777777776 0.33125 0.4527777777777778 0.3572916666666667 0.49027777777777776 0.37083333333333335 0.5138888888888888 0.39166666666666666 0.42916666666666664 0.40729166666666666 0.3541666666666667 0.4010416666666667 0.3263888888888889 0.37916666666666665 0.32222222222222224 0.35208333333333336 0.33194444444444443 0.33541666666666664
0 0.41805555555555557 0.446875 0.48055555555555557 0.4510416666666667 0.5097222222222222 0.4625 0.5097222222222222 0.5020833333333333 0.5194444444444445 0.528125 0.5166666666666667 0.5364583333333334 0.41944444444444445 0.54375 0.3902777777777778 0.53125 0.37083333333333335 0.50625 0.36944444444444446 0.48125 0.39166666666666666 0.459375
0 0.5263888888888889 0.18125 0.5569444444444445 0.18333333333333332 0.575 0.18958333333333333 0.6277777777777778 0.22291666666666668 0.6388888888888888 0.240625 0.6375 0.26666666666666666 0.6277777777777778 0.28020833333333334 0.6166666666666667 0.28229166666666666 0.5958333333333333 0.2760416666666667 0.5569444444444445 0.2520833333333333 0.4847222222222222 0.228125 0.48194444444444445 0.20833333333333334 0.49027777777777776 0.19375 0.5055555555555555 0.184375