0 0.1969111969111969 0.10824742268041238 0.2548262548262548 0.11855670103092783 0.3783783783783784 0.23195876288659795 0.3938223938223938 0.22164948453608246 0.4247104247104247 0.3247422680412371 0.4247104247104247 0.4175257731958763 0.38996138996138996 0.5103092783505154 0.33204633204633205 0.520618556701031 0.2972972972972973 0.5051546391752577 0.17374517374517376 0.36082474226804123 0.138996138996139 0.22164948453608246 0.16602316602316602 0.13917525773195877
0 0.22393822393822393 0.5567010309278351 0.3938223938223938 0.6134020618556701 0.4749034749034749 0.7061855670103093 0.47104247104247104 0.8041237113402062 0.42857142857142855 0.8762886597938144 0.3745173745173745 0.9175257731958762 0.2972972972972973 0.9226804123711341 0.18532818532818532 0.8505154639175257 0.05791505791505792 0.7319587628865979 0.05405405405405406 0.6855670103092784 0.10424710424710425 0.6030927835051546 0.16216216216216217 0.5670103092783505
0 0.444015444015444 0.4587628865979381 0.5482625482625483 0.4639175257731959 0.6332046332046332 0.5 0.6640926640926641 0.5463917525773195 0.6525096525096525 0.6288659793814433 0.5868725868725869 0.6958762886597938 0.4980694980694981 0.7164948453608248 0.46332046332046334 0.7061855670103093 0.41312741312741313 0.634020618556701 0.2857142857142857 0.5876288659793815 0.27413127413127414 0.5618556701030928 0.30115830115830117 0.5103092783505154 0.3745173745173745 0.5103092783505154
0 0.8803088803088803 0.39690721649484534 0.9382239382239382 0.39690721649484534 1 0.4381443298969072 1 0.5412371134020618 0.9382239382239382 0.6288659793814433 0.8687258687258688 0.6752577319587629 0.7683397683397684 0.6907216494845361 0.7065637065637066 0.6752577319587629 0.6486486486486487 0.6237113402061856 0.6756756756756757 0.5463917525773195 0.8262548262548263 0.4175257731958763
0 0.5598455598455598 0.711340206185567 0.61003861003861 0.7164948453608248 0.6332046332046332 0.7577319587628866 0.6332046332046332 0.8711340206185567 0.5984555984555985 1 0.444015444015444 1 0.44787644787644787 0.9072164948453608 0.4749034749034749 0.8144329896907216 0.5135135135135135 0.7474226804123711
0 0.8648648648648649 0.005154639175257732 1 0.03608247422680412 1 0.20103092783505155 0.722007722007722 0.17525773195876287 0.7027027027027027 0.11855670103092783 0.7374517374517374 0.05670103092783505
0 0.7992277992277992 0.17525773195876287 1 0.20103092783505155 1 0.3247422680412371 0.8532818532818532 0.3917525773195876 0.6872586872586872 0.28350515463917525 0.6795366795366795 0.22164948453608246 0.6988416988416989 0.1958762886597938
0 0.6254826254826255 0.28350515463917525 0.6872586872586872 0.28350515463917525 0.7413127413127413 0.31958762886597936 0.8108108108108109 0.38144329896907214 0.8262548262548263 0.422680412371134 0.749034749034749 0.5 0.6833976833976834 0.5257731958762887 0.6216216216216216 0.42783505154639173 0.6293436293436293 0.34536082474226804 0.6138996138996139 0.28865979381443296
0 0.5096525096525096 0.26804123711340205 0.5637065637065637 0.26804123711340205 0.6177606177606177 0.29896907216494845 0.6332046332046332 0.3865979381443299 0.5598455598455598 0.4690721649484536 0.41312741312741313 0.4690721649484536 0.42084942084942084 0.31443298969072164
0 0.08494208494208494 0.09278350515463918 0.13513513513513514 0.09278350515463918 0.16216216216216217 0.13402061855670103 0.14285714285714285 0.24742268041237114 0.20463320463320464 0.4072164948453608 0.18532818532818532 0.4690721649484536 0.11196911196911197 0.4072164948453608 0.019305019305019305 0.26288659793814434 0.015444015444015444 0.15979381443298968 0.03088803088803089 0.11855670103092783
0 0.6795366795366795 0.7731958762886598 0.7027027027027027 0.7731958762886598 0.7297297297297297 0.8402061855670103 0.7335907335907336 1 0.6023166023166023 1 0.6332046332046332 0.8041237113402062
0 0.8571428571428571 0.8247422680412371 0.9111969111969112 0.8298969072164949 0.9536679536679536 0.8608247422680413 0.9652509652509652 1 0.7374517374517374 1 0.7799227799227799 0.8865979381443299