0 0.4444444444444444 0.508421052631579 0.5333333333333333 0.5094736842105263 0.6066666666666667 0.5189473684210526 0.66 0.5336842105263158 0.7 0.5526315789473685 0.7133333333333334 0.5957894736842105 0.6888888888888889 0.6189473684210526 0.6533333333333333 0.6347368421052632 0.5977777777777777 0.6484210526315789 0.45111111111111113 0.6536842105263158 0.2733333333333333 0.6357894736842106 0.2088888888888889 0.6210526315789474 0.19555555555555557 0.6073684210526316 0.20222222222222222 0.5757894736842105 0.22444444444444445 0.5557894736842105 0.27555555555555555 0.5284210526315789 0.28888888888888886 0.5231578947368422 0.31777777777777777 0.5231578947368422 0.37777777777777777 0.5126315789473684
0 0.84 0.5705263157894737 0.9444444444444444 0.5768421052631579 1 0.5736842105263158 1 0.7242105263157895 0.92 0.7252631578947368 0.8 0.7105263157894737 0.74 0.6873684210526316 0.6844444444444444 0.6463157894736842 0.6777777777777778 0.6326315789473684 0.7333333333333333 0.5947368421052631 0.7866666666666666 0.5768421052631579
0 0.2288888888888889 0.6273684210526316 0.4688888888888889 0.6536842105263158 0.4911111111111111 0.6589473684210526 0.5111111111111111 0.671578947368421 0.5577777777777778 0.6884210526315789 0.6022222222222222 0.7221052631578947 0.6222222222222222 0.7547368421052632 0.62 0.7873684210526316 0.5822222222222222 0.8157894736842105 0.5266666666666666 0.8294736842105264 0.44666666666666666 0.8221052631578948 0.36666666666666664 0.8031578947368421 0.29555555555555557 0.771578947368421 0.26222222222222225 0.7494736842105263 0.22 0.7094736842105264 0.21555555555555556 0.6589473684210526 0.22444444444444445 0.6463157894736842 0.22 0.6326315789473684
0 0.6911111111111111 0.6989473684210527 0.76 0.7021052631578948 0.8355555555555556 0.716842105263158 0.9177777777777778 0.7210526315789474 0.9555555555555556 0.7273684210526316 1 0.7231578947368421 0.9977777777777778 0.8505263157894737 0.9288888888888889 0.8515789473684211 0.8444444444444444 0.8378947368421052 0.6911111111111111 0.8 0.6511111111111111 0.7842105263157895 0.6244444444444445 0.7642105263157895 0.6 0.7178947368421053 0.6444444444444445 0.7010526315789474
0 0.6311111111111111 0.7789473684210526 0.6511111111111111 0.7810526315789473 0.6688888888888889 0.7905263157894736 0.7422222222222222 0.8126315789473684 0.84 0.8336842105263158 0.86 0.8442105263157895 0.8866666666666667 0.848421052631579 0.8777777777777778 0.8610526315789474 0.9222222222222223 0.9210526315789473 0.9266666666666666 0.9494736842105264 0.9111111111111111 0.9663157894736842 0.8822222222222222 0.9789473684210527 0.8644444444444445 0.9821052631578947 0.8088888888888889 0.9810526315789474 0.7777777777777778 0.9757894736842105 0.6777777777777778 0.9389473684210526 0.6577777777777778 0.9336842105263158 0.6333333333333333 0.9336842105263158 0.62 0.9252631578947368 0.6022222222222222 0.8905263157894737 0.5933333333333334 0.8115789473684211
0 0.37777777777777777 0.8115789473684211 0.43333333333333335 0.8168421052631579 0.49333333333333335 0.828421052631579 0.5288888888888889 0.8442105263157895 0.5511111111111111 0.8610526315789474 0.5622222222222222 0.8810526315789474 0.5644444444444444 0.9231578947368421 0.5422222222222223 0.9978947368421053 0.43333333333333335 1 0.41333333333333333 0.9894736842105263 0.4 0.988421052631579 0.38222222222222224 1 0.18888888888888888 1 0.18888888888888888 0.9747368421052631 0.21333333333333335 0.9305263157894736 0.29333333333333333 0.871578947368421 0.3288888888888889 0.8336842105263158 0.3466666666666667 0.8231578947368421 0.3688888888888889 0.8231578947368421
0 0.15777777777777777 0.7126315789473684 0.20444444444444446 0.716842105263158 0.25333333333333335 0.7378947368421053 0.2822222222222222 0.7705263157894737 0.27111111111111114 0.8073684210526316 0.22444444444444445 0.8389473684210527 0.16 0.8589473684210527 0.09777777777777778 0.8652631578947368 0.011111111111111112 0.8663157894736843 0 0.8621052631578947 0 0.7452631578947368 0.08444444444444445 0.72
0 0.08666666666666667 0.5673684210526316 0.16666666666666666 0.5673684210526316 0.18888888888888888 0.5789473684210527 0.18888888888888888 0.6231578947368421 0.1711111111111111 0.6726315789473685 0.14 0.7094736842105264 0.011111111111111112 0.7347368421052631 0.0022222222222222222 0.7115789473684211 0 0.58 0.02666666666666667 0.5694736842105264
0 0.7533333333333333 0.36210526315789476 0.8888888888888888 0.3642105263157895 0.9422222222222222 0.3736842105263158 0.9666666666666667 0.39052631578947367 0.98 0.41368421052631577 0.9755555555555555 0.43894736842105264 0.9577777777777777 0.45473684210526316 0.9244444444444444 0.4694736842105263 0.8533333333333334 0.4884210526315789 0.7555555555555555 0.48736842105263156 0.5733333333333334 0.47157894736842104 0.5577777777777778 0.45789473684210524 0.5555555555555556 0.4305263157894737 0.5822222222222222 0.3989473684210526 0.6444444444444445 0.3757894736842105
0 0.8422222222222222 0.10736842105263159 0.8888888888888888 0.11052631578947368 0.9488888888888889 0.1368421052631579 0.9733333333333334 0.1705263157894737 0.9755555555555555 0.21894736842105264 0.94 0.2789473684210526 0.8844444444444445 0.3336842105263158 0.8244444444444444 0.35789473684210527 0.7688888888888888 0.36105263157894735 0.7311111111111112 0.3463157894736842 0.7133333333333334 0.3336842105263158 0.6888888888888889 0.27157894736842103 0.7488888888888889 0.14947368421052631 0.7955555555555556 0.11894736842105263
0 0.5844444444444444 0.08210526315789474 0.6311111111111111 0.08421052631578947 0.6822222222222222 0.09473684210526316 0.7288888888888889 0.11894736842105263 0.7488888888888889 0.13894736842105262 0.7488888888888889 0.15052631578947367 0.7244444444444444 0.20105263157894737 0.6688888888888889 0.22 0.6288888888888889 0.22736842105263158 0.58 0.22842105263157894 0.5044444444444445 0.21368421052631578 0.44666666666666666 0.21473684210526317 0.41333333333333333 0.17578947368421052 0.4022222222222222 0.14842105263157895 0.4177777777777778 0.14736842105263157 0.43333333333333335 0.13263157894736843 0.4955555555555556 0.11157894736842106 0.5333333333333333 0.09263157894736843
0 0.68 0 0.7555555555555555 0 0.7844444444444445 0.011578947368421053 0.8333333333333334 0.0010526315789473684 0.8622222222222222 0.005263157894736842 0.8777777777777778 0.023157894736842106 0.8711111111111111 0.06526315789473684 0.8888888888888888 0.09894736842105263 0.8844444444444445 0.10842105263157895 0.8311111111111111 0.11052631578947368 0.7866666666666666 0.12105263157894737 0.7355555555555555 0.11894736842105263 0.6666666666666666 0.09052631578947369 0.6488888888888888 0.042105263157894736 0.66 0.016842105263157894
0 0.9244444444444444 0 0.9733333333333334 0 1 0.008421052631578947 1 0.13157894736842105 0.9866666666666667 0.13789473684210526 0.9333333333333333 0.13052631578947368 0.9 0.11578947368421053 0.88 0.08526315789473685 0.8711111111111111 0.05157894736842105 0.8777777777777778 0.023157894736842106 0.8911111111111111 0.00631578947368421
0 0.23555555555555555 0.15789473684210525 0.3022222222222222 0.16 0.36 0.1705263157894737 0.3933333333333333 0.1694736842105263 0.4066666666666667 0.17473684210526316 0.4266666666666667 0.2168421052631579 0.40444444444444444 0.24105263157894738 0.33555555555555555 0.2673684210526316 0.26 0.28421052631578947 0.2288888888888889 0.29578947368421055 0.17555555555555555 0.29894736842105263 0.08888888888888889 0.2894736842105263 0.04 0.2505263157894737 0.042222222222222223 0.22736842105263158 0.057777777777777775 0.2094736842105263 0.08 0.19473684210526315 0.12666666666666668 0.17684210526315788
0 0.3688888888888889 0.30526315789473685 0.42444444444444446 0.3063157894736842 0.4777777777777778 0.31473684210526315 0.5422222222222223 0.3368421052631579 0.5666666666666667 0.3526315789473684 0.5911111111111111 0.39473684210526316 0.5488888888888889 0.4357894736842105 0.4311111111111111 0.4326315789473684 0.3933333333333333 0.42 0.31333333333333335 0.4073684210526316 0.24 0.37473684210526315 0.22666666666666666 0.35157894736842105 0.22666666666666666 0.32421052631578945 0.23777777777777778 0.31473684210526315 0.26 0.3105263157894737 0.31777777777777777 0.3136842105263158
0 0.10666666666666667 0.28842105263157897 0.13555555555555557 0.28842105263157897 0.18 0.2968421052631579 0.21555555555555556 0.3126315789473684 0.2288888888888889 0.32842105263157895 0.23555555555555555 0.3863157894736842 0.19555555555555557 0.4105263157894737 0.16444444444444445 0.4168421052631579 0.10888888888888888 0.41368421052631577 0.06444444444444444 0.3989473684210526 0.03777777777777778 0.38526315789473686 0.011111111111111112 0.3526315789473684 0.011111111111111112 0.33052631578947367 0.03111111111111111 0.3126315789473684 0.06 0.29894736842105263
0 0.22 0.4031578947368421 0.23555555555555555 0.4031578947368421 0.2511111111111111 0.4105263157894737 0.26666666666666666 0.4105263157894737 0.2777777777777778 0.4031578947368421 0.3 0.4031578947368421 0.35555555555555557 0.41578947368421054 0.37555555555555553 0.42526315789473684 0.42444444444444446 0.43157894736842106 0.4222222222222222 0.44105263157894736 0.35777777777777775 0.4663157894736842 0.29333333333333333 0.508421052631579 0.24222222222222223 0.5147368421052632 0.22 0.5126315789473684 0.18222222222222223 0.4968421052631579 0.16 0.4831578947368421 0.1511111111111111 0.4694736842105263 0.1511111111111111 0.44526315789473686 0.1622222222222222 0.4263157894736842 0.17777777777777778 0.4147368421052632
0 0.4822222222222222 0.4326315789473684 0.5422222222222223 0.44 0.56 0.45263157894736844 0.5733333333333334 0.46842105263157896 0.5755555555555556 0.4863157894736842 0.5577777777777778 0.5126315789473684 0.39111111111111113 0.5136842105263157 0.33111111111111113 0.5263157894736842 0.3 0.5231578947368422 0.26222222222222225 0.5294736842105263 0.26222222222222225 0.5210526315789473 0.3022222222222222 0.508421052631579 0.3711111111111111 0.46210526315789474 0.44 0.4421052631578947 0.47333333333333333 0.45473684210526316
0 0.4777777777777778 0.21263157894736842 0.5155555555555555 0.21263157894736842 0.5844444444444444 0.2294736842105263 0.56 0.2831578947368421 0.5111111111111111 0.3157894736842105 0.4866666666666667 0.3178947368421053 0.44666666666666666 0.3105263157894737 0.3933333333333333 0.3094736842105263 0.3088888888888889 0.3178947368421053 0.2644444444444444 0.3105263157894737 0.2577777777777778 0.3021052631578947 0.3022222222222222 0.27789473684210525 0.3844444444444444 0.2505263157894737 0.4311111111111111 0.22210526315789475
0 0.18 0.06947368421052631 0.24888888888888888 0.07578947368421053 0.29333333333333333 0.0863157894736842 0.32666666666666666 0.10210526315789474 0.3844444444444444 0.13894736842105262 0.4 0.1631578947368421 0.3933333333333333 0.17578947368421052 0.36666666666666664 0.17684210526315788 0.31333333333333335 0.16631578947368422 0.2111111111111111 0.15473684210526314 0.21333333333333335 0.13894736842105262 0.2 0.1336842105263158 0.16666666666666666 0.10105263157894737 0.10888888888888888 0.07789473684210527 0.12666666666666668 0.07157894736842105
0 0.08444444444444445 0.08526315789473685 0.11555555555555555 0.08736842105263158 0.16444444444444445 0.09894736842105263 0.22444444444444445 0.14105263157894737 0.2311111111111111 0.15157894736842106 0.19777777777777777 0.1631578947368421 0.14222222222222222 0.1726315789473684 0.06666666666666667 0.20105263157894737 0.024444444444444446 0.19894736842105262 0 0.1736842105263158 0 0.10105263157894737 0.04 0.09052631578947369
0 0.3466666666666667 0.015789473684210527 0.36666666666666664 0.015789473684210527 0.40444444444444444 0.024210526315789474 0.43333333333333335 0.037894736842105266 0.45111111111111113 0.061052631578947365 0.4488888888888889 0.07789473684210527 0.43333333333333335 0.09789473684210526 0.3888888888888889 0.11368421052631579 0.35333333333333333 0.1168421052631579 0.28 0.08315789473684211 0.21333333333333335 0.07368421052631578 0.15555555555555556 0.07368421052631578 0.09111111111111111 0.08315789473684211 0.06222222222222222 0.08315789473684211 0.05555555555555555 0.07894736842105263 0.03777777777777778 0.045263157894736845 0.042222222222222223 0.03894736842105263 0.06 0.03368421052631579 0.15555555555555556 0.031578947368421054 0.22444444444444445 0.03894736842105263 0.25555555555555554 0.024210526315789474 0.32666666666666666 0.029473684210526315
0 0.9866666666666667 0.44105263157894736 1 0.44105263157894736 1 0.5031578947368421 0.9844444444444445 0.52 1 0.5494736842105263 1 0.5726315789473684 0.9511111111111111 0.5789473684210527 0.9088888888888889 0.5736842105263158 0.8111111111111111 0.5736842105263158 0.7844444444444445 0.5684210526315789 0.7777777777777778 0.5589473684210526 0.7933333333333333 0.5294736842105263 0.8333333333333334 0.5 0.9444444444444444 0.4610526315789474