0 0.3723958333333333 0.107421875 0.4192708333333333 0.115234375 0.4583333333333333 0.140625 0.4791666666666667 0.18359375 0.4765625 0.232421875 0.4661458333333333 0.2578125 0.3932291666666667 0.337890625 0.3619791666666667 0.396484375 0.3463541666666667 0.40625 0.3125 0.40625 0.2734375 0.396484375 0.22395833333333334 0.35546875 0.20572916666666666 0.3125 0.20572916666666666 0.275390625 0.23177083333333334 0.203125 0.2786458333333333 0.146484375 0.3046875 0.126953125
0 0.5286458333333334 0.177734375 0.609375 0.185546875 0.7447916666666666 0.234375 0.7708333333333334 0.255859375 0.78125 0.28125 0.7760416666666666 0.30859375 0.7526041666666666 0.337890625 0.6927083333333334 0.357421875 0.5130208333333334 0.34765625 0.46875 0.337890625 0.4479166666666667 0.3203125 0.4427083333333333 0.28125 0.4661458333333333 0.25 0.484375 0.1875
0 0.4947916666666667 0.349609375 0.5859375 0.35546875 0.6614583333333334 0.388671875 0.7447916666666666 0.404296875 0.7552083333333334 0.435546875 0.7317708333333334 0.484375 0.7161458333333334 0.482421875 0.640625 0.505859375 0.5833333333333334 0.50390625 0.5234375 0.4921875 0.4661458333333333 0.470703125 0.4453125 0.451171875 0.4375 0.388671875 0.453125 0.365234375
0 0.4427083333333333 0.498046875 0.515625 0.498046875 0.640625 0.51171875 0.6979166666666666 0.54296875 0.703125 0.57421875 0.6770833333333334 0.599609375 0.5338541666666666 0.646484375 0.4947916666666667 0.65234375 0.4192708333333333 0.646484375 0.3697916666666667 0.619140625 0.3645833333333333 0.603515625 0.3932291666666667 0.5859375 0.390625 0.5390625 0.4036458333333333 0.517578125
0 0.390625 0.35546875 0.4140625 0.365234375 0.4322916666666667 0.392578125 0.4348958333333333 0.4375 0.4244791666666667 0.470703125 0.3229166666666667 0.61328125 0.2890625 0.62890625 0.2526041666666667 0.625 0.22395833333333334 0.6015625 0.2109375 0.572265625 0.2109375 0.513671875 0.22916666666666666 0.455078125 0.2708333333333333 0.3984375 0.3463541666666667 0.40625
0 0.13802083333333334 0.345703125 0.23177083333333334 0.361328125 0.2734375 0.392578125 0.2265625 0.466796875 0.20833333333333334 0.55859375 0.11197916666666667 0.494140625 0.078125 0.439453125 0.0859375 0.37890625 0.10416666666666667 0.357421875
0 0.2604166666666667 0.6484375 0.3020833333333333 0.66015625 0.3359375 0.685546875 0.34375 0.703125 0.3411458333333333 0.74609375 0.3072916666666667 0.80078125 0.2890625 0.810546875 0.2630208333333333 0.80859375 0.2421875 0.791015625 0.21875 0.728515625 0.22395833333333334 0.6875
0 0.3645833333333333 0.716796875 0.4869791666666667 0.744140625 0.4817708333333333 0.76953125 0.4583333333333333 0.796875 0.4192708333333333 0.822265625 0.3854166666666667 0.830078125 0.34375 0.828125 0.3098958333333333 0.80859375 0.3098958333333333 0.791015625
0 0.6041666666666666 0.712890625 0.6796875 0.7265625 0.7291666666666666 0.775390625 0.7473958333333334 0.77734375 0.7578125 0.849609375 0.7447916666666666 0.861328125 0.7291666666666666 0.8671875 0.6796875 0.865234375 0.625 0.833984375 0.5546875 0.748046875 0.5625 0.73046875
0 0.7682291666666666 0.833984375 0.8151041666666666 0.837890625 0.8541666666666666 0.857421875 0.859375 0.88671875 0.8515625 0.90234375 0.8151041666666666 0.927734375 0.7578125 0.947265625 0.7057291666666666 0.953125 0.65625 0.94140625 0.6302083333333334 0.908203125 0.6536458333333334 0.861328125 0.7265625 0.865234375 0.7473958333333334 0.857421875
0 0.5598958333333334 0.7734375 0.5989583333333334 0.798828125 0.6458333333333334 0.857421875 0.6302083333333334 0.92578125 0.5963541666666666 0.943359375 0.5677083333333334 0.939453125 0.5520833333333334 0.921875 0.5442708333333334 0.818359375
0 0.5260416666666666 0.736328125 0.5494791666666666 0.740234375 0.5598958333333334 0.765625 0.5494791666666666 0.828125 0.5026041666666666 0.880859375 0.4817708333333333 0.892578125 0.453125 0.89453125 0.4348958333333333 0.865234375 0.4296875 0.8203125 0.4765625 0.7734375 0.484375 0.74609375
0 0.78125 0.58203125 0.8203125 0.58203125 0.8203125 0.58984375 0.7994791666666666 0.59375 0.8515625 0.60546875 0.8463541666666666 0.615234375 0.8359375 0.609375 0.8255208333333334 0.615234375 0.8463541666666666 0.67578125 0.84375 0.771484375 0.8255208333333334 0.791015625 0.7890625 0.7890625 0.7604166666666666 0.775390625 0.7421875 0.7265625 0.7473958333333334 0.666015625 0.7395833333333334 0.62109375 0.7526041666666666 0.59765625