0 0.2124233125 0.32042753125 0.25996932500000003 0.3311637265625 0.2653374234375 0.3242618859375 0.2546012265625 0.27518213125 0.23006135 0.21996740781250002 0.209355828125 0.1992618859375 0.1541411046875 0.16705329687499998 0.10506135000000001 0.1655195546875 0.062116564062500004 0.188525690625 0.0398773 0.23683857343749998 0.010736196875 0.2736483890625 0.007668710937500001 0.3043232359375 0.01380368125 0.3349980828125 0.0483128828125 0.3787097390625 0.07208588906249999 0.3840778375 0.1342024546875 0.3280962421875 0.2124233125 0.32042753125
0 0.5253067484375 0.438525690625 0.5935582828125 0.356470475 0.584355828125 0.2843845859375 0.5874233125 0.238372315625 0.540644171875 0.1762557515625 0.50383435625 0.1563171015625 0.47929447812500003 0.151715875 0.44401840468750003 0.1563171015625 0.39493865 0.1839244625 0.3573619625 0.2276361203125 0.3266871171875 0.2905195546875 0.3159509203125 0.3457342796875 0.3190184046875 0.37794286875 0.3297546015625 0.40861771406249997 0.3504601234375 0.43545820625 0.3696319015625 0.38561157968750004 0.3734662578125 0.38024348125 0.3842024546875 0.3817772234375 0.3865030671875 0.394814034375 0.368098159375 0.45309624218750005 0.39493865 0.4692005375 0.41717791406250004 0.47303489218749994 0.4823619625 0.44772814375000003 0.5253067484375 0.438525690625
0 0.895705521875 0.4515625 0.907975459375 0.4300901078125 0.9156441718749999 0.4055502296875 0.9156441718749999 0.3718078984375 0.8926380375 0.319660659375 0.858128834375 0.289752684375 0.80138036875 0.269814034375 0.7124233125 0.2713477765625 0.6602760734374999 0.29282016875 0.60889570625 0.3718078984375 0.62883435625 0.48223734687500003 0.6618098156250001 0.49680789843750006 0.8190184046875 0.4975747703125 0.8703987734374999 0.47533550625 0.895705521875 0.4515625
0 0.37116564375 0.626409125 0.37883435625 0.555856978125 0.3673312890625 0.5290164875000001 0.36119631874999997 0.5290164875000001 0.33128834375 0.563525690625 0.3052147234375 0.6386790640625 0.3190184046875 0.7015625 0.32592024531249997 0.7099980828125 0.3328220859375 0.7092312109375001 0.35889570625 0.678556365625 0.37116564375 0.626409125
0 0.532975459375 0.734537959375 0.5720858890625 0.6938937890625 0.6165644171875 0.6156729296875 0.62883435625 0.5681269171875 0.62883435625 0.5236483890625 0.60889570625 0.4761023765625 0.57131901875 0.44772814375000003 0.5421779140625 0.44159317500000006 0.520705521875 0.46153182499999995 0.5153374234375 0.4592312109375 0.5145705515625 0.44466065937500004 0.4624233125 0.4569305984375 0.42868098125 0.4738017640625 0.37730061406250004 0.515979678125 0.388036809375 0.529783359375 0.3865030671875 0.6187404140625 0.37730061406250004 0.6632189421875 0.3466257671875 0.7107649546875 0.34509202499999997 0.7291698625 0.3703987734375 0.7544766109375 0.411809815625 0.7744152609375 0.4539877296875 0.7767158750000001 0.50383435625 0.7575440953125 0.532975459375 0.734537959375
0 0.9026073625000001 0.708464340625 0.9616564421874999 0.678556365625 0.9723926374999999 0.64788151875 0.9723926374999999 0.6126054453124999 0.949386503125 0.5619919484375 0.8934049078124999 0.5213477765625 0.818251534375 0.501409125 0.6940184046875 0.49680789843750006 0.6464723921875 0.5121453218750001 0.631901840625 0.5282496171875 0.62116564375 0.6248753828125 0.6518404906249999 0.698495015625 0.695552146875 0.736071703125 0.7277607359375 0.75294286875 0.782975459375 0.7682802921875 0.8282208593749999 0.7690471624999999 0.858128834375 0.7606115796874999 0.9026073625000001 0.708464340625
0 0.2760736203125 0.7644459359375 0.2745398765625 0.746041028125 0.2553680984375 0.711531825 0.23236196250000002 0.7161330515625 0.18865030625 0.77518213125 0.17331288281249999 0.825795628125 0.1779141109375 0.8288631140625 0.20168711718750001 0.8188937890625001 0.2760736203125 0.7644459359375
0 0.090490796875 0.8733416406250001 0.049846625 0.8311637265625 0.0429447859375 0.8319305984375 0.0429447859375 0.8242618859374999 0.020705521875 0.7989551374999999 0.000766871875 0.789752684375 0 0.9055502296875 0.0023006140625000003 0.9109183281250001 0.010736196875 0.9101514578125001 0.049846625 0.90018213125 0.090490796875 0.8733416406250001
0 0 0.7690471624999999 0.017638037500000002 0.7774827453125 0.10429447812499999 0.8672066718749999 0.151840490625 0.839599309375 0.1671779140625 0.8089244624999999 0.16871165625 0.7889858125 0.1917177921875 0.7445072859375 0.2208588953125 0.7000287578125 0.2592024546875 0.6586177140625 0.250766871875 0.6440471624999999 0.1265337421875 0.6195072859375 0.05904907968749999 0.6394459359375 0 0.6770226234375001 0 0.7690471624999999
0 0.9731595093750001 0.8541698625 0.9608895703125 0.8756422546874999 0.8972392640625 0.9208876531250001 1 0.9224213953125 0.999233128125 0.84036618125 0.9731595093750001 0.8541698625
0 0.950153375 0.8511023765625 1 0.819660659375 0.999233128125 0.6823907203124999 0.9608895703125 0.68545820625 0.9072085890625001 0.7069305984375001 0.8680981593749999 0.7491085125 0.854294478125 0.7905195546875 0.8496932515625 0.8442005375000001 0.8558282203124999 0.8733416406250001 0.8696319015625 0.894814034375 0.9302147234374999 0.8526361203124999 0.950153375 0.8511023765625
0 0.523006134375 0.9116852 0.50383435625 0.9017158750000001 0.47622699375 0.9124520703125001 0.44248466249999996 0.9155195546874999 0.4371165640625 0.9055502296875 0.44095092031250005 0.9032496171875 0.5084355828125 0.8863784515625 0.5122699390625 0.881010353125 0.50613496875 0.8672066718749999 0.459355828125 0.8173600453125 0.4210122703125 0.7989551374999999 0.36886503125000003 0.789752684375 0.334355828125 0.7935870406250001 0.33128834375 0.84266679375 0.32361963125000004 0.8503355062500001 0.3228527609375 0.8695072859374999 0.31748466249999996 0.853402990625 0.3220858890625 0.8503355062500001 0.3220858890625 0.8288631140625 0.328220859375 0.825795628125 0.328220859375 0.80278949375 0.3197852765625 0.7928201687499999 0.282975459375 0.7989551374999999 0.24616564375 0.8142925609375 0.215490796875 0.8357649546875001 0.1533742328125 0.9086177140625 0.1702453984375 0.9132189421874999 0.15874233124999998 0.9139858125 0.1602760734375 0.9216545249999999 0.20015337500000002 0.9231882671875 0.391871165625 0.9201207828125 0.516871165625 0.9231882671875 0.5245398765625 0.9208876531250001 0.523006134375 0.9116852