0 0.1496875 0.528125 0.16125 0.5140625 0.169375 0.4971875 0.171875 0.4734375 0.168125 0.45906250000000004 0.14781249999999999 0.43499999999999994 0.13093749999999998 0.425625 0.1103125 0.42374999999999996 0.0859375 0.433125 0.06937499999999999 0.4459375 0.059375 0.4659375 0.058125 0.49031250000000004 0.0625 0.5059375 0.068125 0.5146875 0.0865625 0.531875 0.10218750000000001 0.538125 0.12562500000000001 0.5396875 0.1359375 0.536875 0.1496875 0.528125
0 0.4034375 0.34750000000000003 0.41125 0.3409375 0.42437500000000006 0.2828125 0.43062500000000004 0.26968749999999997 0.440625 0.26156250000000003 0.4409375 0.2575 0.4253125 0.25 0.4065625 0.24500000000000002 0.3878125 0.24375 0.3603125 0.24625 0.3259375 0.25875 0.29500000000000004 0.2840625 0.28375 0.3046875 0.28250000000000003 0.3228125 0.29625 0.3459375 0.3046875 0.355 0.31906249999999997 0.361875 0.351875 0.3640625 0.3834375 0.35750000000000004 0.4034375 0.34750000000000003
0 0.3384375 0.48125 0.344375 0.4759375 0.35375 0.46218750000000003 0.35812499999999997 0.45093750000000005 0.35812499999999997 0.4253125 0.35 0.40531249999999996 0.33468749999999997 0.39125 0.31656249999999997 0.383125 0.2946875 0.381875 0.2765625 0.3875 0.253125 0.40718750000000004 0.248125 0.4203125 0.248125 0.4328125 0.255625 0.45406250000000004 0.26687500000000003 0.46968750000000004 0.2846875 0.48312499999999997 0.30375 0.4890625 0.32156250000000003 0.48875 0.3384375 0.48125
0 0.4971875 0.4175 0.51375 0.3990625 0.51375 0.3915625 0.5175 0.3884375 0.525 0.36906249999999996 0.526875 0.3421875 0.524375 0.3259375 0.516875 0.3040625 0.49749999999999994 0.2740625 0.48531250000000004 0.26437499999999997 0.4721875 0.258125 0.45093750000000005 0.25625 0.44406249999999997 0.258125 0.43125 0.2703125 0.426875 0.2778125 0.4125 0.3403125 0.41312499999999996 0.36343749999999997 0.41875 0.3828125 0.43624999999999997 0.4103125 0.4490625 0.42000000000000004 0.471875 0.4253125 0.48531250000000004 0.42312500000000003 0.4971875 0.4175
0 0.36 0.6140625 0.37 0.5934375000000001 0.37124999999999997 0.5665625000000001 0.364375 0.5284375 0.351875 0.5096875 0.3303125 0.49312500000000004 0.3078125 0.489375 0.2821875 0.49749999999999994 0.263125 0.5159374999999999 0.255625 0.5321875 0.25375000000000003 0.5615625 0.25625 0.5759375 0.26687500000000003 0.6021875 0.27937500000000004 0.6228125 0.2953125 0.634375 0.315625 0.6378125 0.33968750000000003 0.631875 0.36 0.6140625
0 0.4925 0.6209374999999999 0.488125 0.5709375 0.49812500000000004 0.5528125 0.499375 0.5409375 0.47874999999999995 0.49093749999999997 0.460625 0.46218750000000003 0.43968749999999995 0.44625000000000004 0.42781250000000004 0.44312500000000005 0.4178125 0.445 0.39625 0.46281249999999996 0.375625 0.5021875 0.37 0.5390625 0.37687499999999996 0.5765625 0.390625 0.6090625000000001 0.4059375 0.6224999999999999 0.47874999999999995 0.6328125 0.48531250000000004 0.63 0.4925 0.6209374999999999
0 0.596875 0.5353125000000001 0.59875 0.5128125 0.595625 0.48218750000000005 0.579375 0.44343750000000004 0.5675 0.42093749999999996 0.5490625 0.4025 0.5396875 0.3975 0.5209374999999999 0.39875 0.500625 0.41531250000000003 0.491875 0.42843749999999997 0.480625 0.4615625 0.47874999999999995 0.48968749999999994 0.49812500000000004 0.5353125000000001 0.5028125 0.541875 0.5190625 0.524375 0.5290625 0.5181250000000001 0.5515625 0.514375 0.5678124999999999 0.5225 0.589375 0.5496875 0.5925 0.5471874999999999 0.596875 0.5353125000000001
0 0.5609375 0.32875 0.5859375 0.33187500000000003 0.6159375 0.350625 0.625 0.3303125 0.63625 0.3146875 0.660625 0.2959375 0.660625 0.2778125 0.650625 0.2553125 0.6346875 0.24500000000000002 0.6190625 0.24312499999999998 0.5840625 0.25625 0.5540625 0.26375000000000004 0.5159374999999999 0.28250000000000003 0.510625 0.29031250000000003 0.525 0.3246875 0.528125 0.3540625 0.530625 0.3571875 0.5453125 0.33625 0.5609375 0.32875
0 0.8265625 0.369375 0.8459375 0.36062500000000003 0.8709374999999999 0.36062500000000003 0.8731249999999999 0.34968750000000004 0.8712500000000001 0.31843750000000004 0.8574999999999999 0.2828125 0.8371875 0.26 0.8153124999999999 0.25125000000000003 0.7959375 0.253125 0.78625 0.26156250000000003 0.778125 0.27718750000000003 0.771875 0.2984375 0.7525000000000001 0.3259375 0.7474999999999999 0.34968750000000004 0.7490625 0.36375 0.7628125 0.3675 0.7778125 0.375625 0.7887500000000001 0.38656250000000003 0.79625 0.39968750000000003 0.8006249999999999 0.40031249999999996 0.81125 0.38406250000000003 0.8265625 0.369375
0 0.8515625 0.57625 0.8546875 0.57625 0.869375 0.5390625 0.8675 0.5278125 0.85625 0.5096875 0.8359375 0.488125 0.8215625 0.47750000000000004 0.7965625000000001 0.465 0.7734375 0.458125 0.7496875000000001 0.45437500000000003 0.7203125 0.45499999999999996 0.6896875 0.46187500000000004 0.6746875 0.46875 0.6490625 0.48624999999999996 0.63625 0.5003124999999999 0.6287499999999999 0.5184375 0.626875 0.5446875 0.6325000000000001 0.5621875000000001 0.6471875 0.576875 0.6678124999999999 0.58125 0.6990624999999999 0.58125 0.7590625 0.6 0.7853125000000001 0.604375 0.8012499999999999 0.6040625000000001 0.8209375 0.6 0.8515625 0.57625
0 0.671875 0.7165625 0.67875 0.6821875000000001 0.678125 0.6540625 0.67375 0.6359375 0.665625 0.6159375 0.655625 0.6003125 0.6221875 0.5743750000000001 0.6009375 0.56875 0.5703125 0.56875 0.5578125 0.575 0.55125 0.5834374999999999 0.510625 0.6721874999999999 0.501875 0.7103125 0.501875 0.7403125 0.505 0.7571875 0.51375 0.7778125 0.5171875 0.78 0.63625 0.7796875 0.65625 0.7534375 0.671875 0.7165625
0 1 0.5146875 0.9884375000000001 0.503125 0.9721875000000001 0.49312500000000004 0.9559374999999999 0.48875 0.9371875 0.488125 0.9196875 0.49312500000000004 0.9115624999999999 0.49812500000000004 0.905 0.5065625 0.9012499999999999 0.5190625 0.89875 0.5565625 0.878125 0.5990624999999999 0.8731249999999999 0.6153125 0.8771875 0.623125 0.8971875 0.6275000000000001 0.9121874999999999 0.6368750000000001 0.9487500000000001 0.6821875000000001 0.9534375 0.68625 0.9574999999999999 0.6859375 0.9796875 0.6725 1 0.6503125 1 0.5146875
0 0.97875 0.7284375 0.9337500000000001 0.6628125 0.9078125 0.634375 0.8946875000000001 0.6275000000000001 0.8815625 0.624375 0.8609375 0.634375 0.84375 0.6503125 0.8306250000000001 0.6759375000000001 0.8225 0.7184375000000001 0.8243750000000001 0.7521875 0.83125 0.7721875 0.8371875 0.779375 0.991875 0.7796875 0.99125 0.7596875 0.97875 0.7284375