1 1 0.1005859375 0.8076171875 0.0078125 0.6806640625 0.00390625 0.3056640625 0.0390625 0.2119140625 0.0703125 0.1435546875 0.1171875 0.095703125 0.2041015625 0.064453125 0.4912109375 0.09375 0.6376953125 0.15625 0.7470703125 0.2587890625 0.84375 0.5126953125 0.970703125 0.6181640625 1 0.94140625 0.9990234375 1 0.9677734375 1 0.1005859375
5 0.147379990625 0.714561928125 0.21709628125 0.8132306968749999 0.302116178125 0.86766859375 0.3616301078125 0.8404496421875001 0.344626125 0.8115295359375001 0.2562054859375 0.7502869375000001 0.183088321875 0.6584227453125 0.1541816078125 0.55635159375 0.11507240625 0.461085209375 0.0742628265625 0.432165040625 0.081064446875 0.5393397359375001 0.121874021875 0.6346061828125 0.147379990625 0.714561928125
5 0.3769337140625 0.6550204234375 0.5775807234375 0.7809081390625 0.6438961390625 0.7332750796874999 0.703410196875 0.6737335718749999 0.6370946515625 0.6141920671875 0.546973509375 0.5274314859375 0.4534516203125 0.45768282656250003 0.3514277453125 0.26715 0.186489196875 0.20930971875 0.10884350000000001 0.40221088437499997 0.16608434375 0.4814994546875 0.2528046109375 0.5359374156250001 0.3769337140625 0.6550204234375
5 0.5027631875 0.090226709375 0.3171768296875 0.1045918390625 0.6336937765624999 0.1854930890625 0.6336937765624999 0.090226709375 0.5027631875 0.090226709375
5 0.6813049734375001 0.41004963437499997 0.6540986296875 0.3300938890625 0.5061639328124999 0.3351974328125 0.44260200000000005 0.40433673593749997 0.5673782328125 0.513821946875 0.6694021078125 0.4814994546875 0.6813049734375001 0.41004963437499997
5 0.8836522234374999 0.905094759375 0.987376603125 0.9680385843750001 0.9992793343749999 0.9425207953125 0.9907773484375 0.8642662718749999 0.9261621734375 0.8149318578125 0.864948 0.7451832640625 0.715312928125 0.6737335718749999 0.6084183296875 0.774234696875 0.6949082046874999 0.8591626609375 0.7850293484375 0.917003009375 0.8836522234374999 0.905094759375
5 1 0.7196654734375 0.8394420312499999 0.6124907765625001 0.6523981296875 0.49510892812499996 0.761223625 0.6482157859375001 0.8394420312499999 0.7281714015625 0.9907773484375 0.84385209375 1 0.7196654734375
5 0.8853527234375 0.5750646781250001 0.8054340765625 0.5189255578124999 0.7529761515625 0.5340136078125 1 0.6924464593749999 0.9941780890624999 0.6499168171874999 0.8853527234375 0.5750646781250001
5 0.99757909375 0.49510892812499996 0.880251478125 0.4015437046875 0.880251478125 0.3590140578125 0.815636303125 0.3556116734375 0.764624365625 0.3573129015625 0.703410196875 0.352209290625 0.8190373078125001 0.48320061562500005 0.9142594374999999 0.58867428125 0.9924778484375001 0.6278014109375001 0.99757909375 0.49510892812499996
5 1 0.3879342328125 0.99587859375 0.2892654640625 0.99587859375 0.229723959375 0.880251478125 0.229723959375 0.867772071875 0.2385204109375 0.8598467546874999 0.321587959375 0.9057574515625 0.4185555671875 0.9924778484375001 0.4746946875 1 0.3879342328125
5 0.4551519953125 0.21781564687500002 0.41944366093749996 0.3113808703125 0.5656778609375 0.3232891828125 0.5520747546875 0.26715 0.4551519953125 0.21781564687500002
5 0.847944021875 0.2739547671875 0.8428427765625001 0.2042062046875 0.6881065890625 0.22121803125 0.62329928125 0.18324829843749998 0.5860827140625 0.24673582187499998 0.6728029828125 0.321587959375 0.762924125 0.321587959375 0.847944021875 0.2739547671875