1 0.97265625 0.5654296875 0.970703125 0.3388671875 0.935546875 0.2451171875 0.8212890625 0.1171875 0.6591796875 0.0390625 0.5341796875 0.029296875 0.4677734375 0.04296875 0.3076171875 0.11328125 0.158203125 0.2705078125 0.0703125 0.4794921875 0.078125 0.6865234375 0.1484375 0.8330078125 0.2138671875 0.890625 0.3173828125 0.9375 0.4921875 0.9501953125 0.6708984375 0.91796875 0.8134765625 0.828125 0.912109375 0.7138671875 0.97265625 0.5654296875
5 0.37353296875 0.7758046609375 0.41264204531250004 0.8234377859374999 0.460253240625 0.8421508031249999 0.5180667953125 0.8268402359374999 0.5231679109375 0.7877129109375 0.5316699015624999 0.7570915140625 0.511265178125 0.6941476875 0.4993623125 0.6499168171874999 0.460253240625 0.6243990265625 0.38883644687499996 0.5903753125 0.327622146875 0.617594321875 0.3259217765625 0.68394053125 0.3242214015625 0.7332750796874999 0.31912015625 0.7792069781250001 0.37353296875 0.7758046609375
5 0.546973509375 0.76389628125 0.546973509375 0.8132306968749999 0.558876240625 0.8642662718749999 0.6523981296875 0.8370473265625 0.7493208890624999 0.8183343078125 0.8190373078125001 0.7672987328125 0.8411422765625 0.6890441421875 0.8666482453125001 0.620996709375 0.8513447671875 0.55635159375 0.761223625 0.530833803125 0.7425194015625001 0.486603 0.703410196875 0.45938405312499997 0.6472970140625 0.4627863703125 0.6200906703125 0.522327875 0.5775807234375 0.4968100890625 0.5350707765625 0.4644875984375 0.4993623125 0.4712922984375 0.495961571875 0.5036148578125 0.455357103125 0.49362245156249995 0.45175124999999994 0.5733634515625 0.4755568484375 0.6226979953125 0.5248682812500001 0.6822395046875 0.546973509375 0.76389628125
5 0.9431661515625 0.294369009375 0.9091581921874999 0.24503459374999997 0.8734499906250001 0.1820907359375 0.864948 0.2620464546875 0.8853527234375 0.3658188296875 0.880251478125 0.4474757359375 0.912559196875 0.524029103125 0.963435334375 0.5637755140625 0.9703726203124999 0.4508781203125 0.963571134375 0.370922375 0.9431661515625 0.294369009375
5 0.6285926609375 0.2433334328125 0.6847057140625 0.28756424062499997 0.820737553125 0.3317951109375 0.8547455093749999 0.290966625 0.8547455093749999 0.1974014015625 0.8564460140625 0.1786884203125 0.7680253703125001 0.1004337984375 0.676445540625 0.059948982812499996 0.6694021078125 0.11574446406250001 0.5860827140625 0.1565729515625 0.5316699015624999 0.20080375468749997 0.6285926609375 0.2433334328125
5 0.055558478125 0.49170654531249997 0.15248123593750001 0.43386626406250006 0.15248123593750001 0.5172243296875 0.1881895671875 0.5478456656249999 0.1881895671875 0.5835706078125 0.2323998890625 0.617594321875 0.280011084375 0.5716624234375 0.2987154328125 0.501913696875 0.3089177953125 0.3964401609375 0.339525009375 0.32499034375 0.341225384375 0.275655928125 0.21539591093750002 0.37772707968749997 0.2392015046875 0.32669150468749997 0.21709628125 0.294369009375 0.22576526718749998 0.23639455781250002 0.1677847140625 0.2688512234375 0.1201736515625 0.3488069734375 0.0997687953125 0.4049460890625 0.055558478125 0.49170654531249997
5 0.290213446875 0.63630734375 0.382034959375 0.58867428125 0.43814801406250004 0.5784670625 0.46875522812500003 0.486603 0.533370271875 0.4423721921875 0.519767165625 0.3471057453125 0.470455603125 0.3488069734375 0.42114403593749994 0.4015437046875 0.3426870359375 0.3937074859375 0.3089177953125 0.4644875984375 0.261306603125 0.597180209375 0.290213446875 0.63630734375
5 0.519767165625 0.263747678125 0.519767165625 0.2161144234375 0.3830781921875 0.2257653078125 0.380334459375 0.33349627187499997 0.41264204531250004 0.386233009375 0.4874595796875 0.33689865625 0.519767165625 0.263747678125
5 0.5894834546875 0.4389698078125 0.6115886828125 0.48830416093749995 0.691507334375 0.44577451406249996 0.7680253703125001 0.507017240625 0.8190373078125001 0.5257302593750001 0.847944021875 0.48320061562500005 0.8173368078125 0.40324486562499995 0.7918308390625 0.33689865625 0.6694021078125 0.290966625 0.6098881781250001 0.2620464546875 0.5382652671875 0.2682823125 0.558876240625 0.367519990625 0.613289053125 0.3658188296875 0.5894834546875 0.4389698078125
5 0.6115886828125 0.1310551609375 0.648997384375 0.09362912500000001 0.648997384375 0.0613065359375 0.5316699015624999 0.0374899421875 0.42346934843749995 0.06632653125 0.404140053125 0.14296344218749998 0.41944366093749996 0.1854930890625 0.5061639328124999 0.19399901718749998 0.6115886828125 0.1310551609375
5 0.1422787453125 0.6192954828125 0.157582353125 0.5512480484375 0.1201736515625 0.47299352656250004 0.07270404531249999 0.4808673484375 0.06236009375 0.586972990625 0.0997687953125 0.6431121109375 0.1422787453125 0.6192954828125
5 0.22559827187499998 0.8047247671875001 0.1626835984375 0.760493959375 0.140578375 0.668629896875 0.0822204859375 0.65587321875 0.09636805312499999 0.706056 0.1201736515625 0.7741033703125 0.1490803609375 0.8455532546875 0.223897896875 0.8659674328125 0.25790585781250003 0.8234377859374999 0.22559827187499998 0.8047247671875001
5 0.3038165484375 0.7383784906249999 0.3174197859375 0.6567217140625 0.305517053125 0.6158930984375 0.22049715625 0.6192954828125 0.1683673078125 0.5956632671875 0.186489196875 0.687342915625 0.1898899421875 0.7502869375000001 0.2647074734375 0.7894140671875001 0.3038165484375 0.7383784906249999
5 0.2630721109375 0.7843105890625 0.23750113437499998 0.882979290625 0.2749098390625 0.9016923078125 0.348027 0.9136006875 0.3837353296875 0.8404496421875001 0.3514277453125 0.7843105890625 0.2630721109375 0.7843105890625
5 0.8921542140625001 0.7281714015625 0.936364665625 0.663526353125 0.9380651656250001 0.6039848484375 0.8996598265625 0.5765306156250001 0.8700492453124999 0.7009523921875 0.8224380531250001 0.7826092984375 0.8445432765625001 0.7843105890625 0.8921542140625001 0.7281714015625