1 0.7705078125 0.0234375 0.69921875 0.0009765625 0.1337890625 0 0.08203125 0.1455078125 0.0703125 0.2568359375 0.07421875 0.3720703125 0.109375 0.5107421875 0.2421875 0.7392578125 0.4111328125 0.8828125 0.6337890625 0.95703125 0.7822265625 0.94140625 0.8759765625 0.869140625 0.939453125 0.7529296875 0.951171875 0.6611328125 0.955078125 0.4326171875 0.91015625 0.2177734375 0.833984375 0.0693359375 0.7705078125 0.0234375
5 0.1541816078125 0.21058593281250002 0.15986390625 0.3129251703125 0.249403865625 0.32116301406250003 0.3038165484375 0.37219858906250003 0.363330478125 0.3926128296875 0.363330478125 0.3194617859375 0.327622146875 0.2071834828125 0.302116178125 0.10851478125 0.1626835984375 0.100008853125 0.1541816078125 0.21058593281250002
5 0.3259217765625 0.22759779062500002 0.3596938390625 0.30442176718749997 0.38883644687499996 0.314358240625 0.45005087968749996 0.36879607187499996 0.5299695265625 0.40111875937499997 0.572479478125 0.3585891109375 0.4993623125 0.261621509375 0.3837353296875 0.1255266390625 0.3871360765625 0.1765622140625 0.33782450937499997 0.1493432671875 0.3259217765625 0.22759779062500002
5 0.494261196875 0.14594081718750002 0.4638605046875 0.24277210781249997 0.5673782328125 0.25992028125 0.584382209375 0.1816656921875 0.6098881781250001 0.10511232968749999 0.6064874375 0.042168504687500004 0.5163662953125 0.028558968750000004 0.5146659203125 0.0676862953125 0.494261196875 0.14594081718750002
5 0.599914928125 0.1938775484375 0.6421957671875 0.1833669828125 0.7306164109375 0.220793021875 0.7680253703125001 0.1833669828125 0.803733571875 0.169757446875 0.836041290625 0.1340325671875 0.8547455093749999 0.094905240625 0.7918308390625 0.04046734375 0.7119121875000001 0.009845946875 0.6591997453125 0.077893384375 0.638795021875 0.1833669828125 0.599914928125 0.1938775484375
5 0.304421728125 0.40221088437499997 0.28171145468750003 0.45895904062500004 0.2936141875 0.5270064734375 0.344626125 0.586547978125 0.3905369515625 0.5678349593750001 0.3905369515625 0.46746496875 0.356528990625 0.4164293921875 0.304421728125 0.40221088437499997
5 0.4874595796875 0.46576380781250004 0.44260200000000005 0.5722789109375 0.553775125 0.5882492046875 0.5503742546875 0.540615946875 0.5401718890625 0.4572578796875 0.4874595796875 0.46576380781250004
5 0.8530452671875001 0.1187218703125 0.7699829546875 0.22363945468750002 0.7782276031250001 0.2241953390625 0.8411422765625 0.251414353125 0.871749490625 0.32116301406250003 0.8751502328124999 0.4368436390625 0.89555521875 0.5525242640625 0.89555521875 0.6920215140625 0.9040572046875001 0.8077021734375001 0.9380651656250001 0.7430570890625 0.948267396875 0.6648025671875 0.9550691421874999 0.5236040890625 0.9397654062499999 0.41132571875 0.9159599421875001 0.285438071875 0.9006562015625 0.20037884374999998 0.8530452671875001 0.1187218703125
5 0.42284440625 0.8179092640625001 0.45855286562500003 0.9046697453125001 0.5350707765625 0.919980415625 0.6728029828125 0.9471993921875 0.7680253703125001 0.9454982015625 0.803733571875 0.8842555359375 0.8020333296875 0.8349211203125 0.7697256109375 0.8008974015625 0.6643009906249999 0.7906902812500001 0.5622771156249999 0.7991962453125 0.42284440625 0.8179092640625001
5 0.138878 0.016650718749999998 0.1711855890625 0.0693874546875 0.2545051109375 0.052375593750000005 0.2545051109375 0 0.138878 0.016650718749999998
5 0.3650309828125 0.0489732765625 0.3575679859375 0.1173469375 0.41944366093749996 0.12212418750000001 0.41944366093749996 0.060881521875 0.4466500046875 0 0.4007393125 0.009845946875 0.3650309828125 0.0489732765625