1 0.873046875 0.2041015625 0.8662109375 0.123046875 0.8388671875 0.109375 0.8056640625 0.119140625 0.6611328125 0.017578125 0.5126953125 0 0.4306640625 0.01953125 0.3291015625 0.07421875 0.2265625 0.1748046875 0.162109375 0.2685546875 0.103515625 0.3935546875 0.064453125 0.5341796875 0.05859375 0.8017578125 0.078125 0.9052734375 0.1240234375 0.9921875 0.587783084375 0.9912086203125 0.6472970140625 0.9697397453125 0.92578125 0.7978515625 0.994140625 0.6201171875 1 0.4560546875 0.95703125 0.3076171875 0.873046875 0.2041015625
5 0.1779872046875 0.576765834375 0.15248123593750001 0.6822395046875 0.25790585781250003 0.7009523921875 0.3106181703125 0.6158930984375 0.3701320984375 0.598881240625 0.4466500046875 0.5665587453125001 0.52826915625 0.5393397359375001 0.553775125 0.4423721921875 0.47895758906249997 0.3590140578125 0.42794565156250003 0.33689865625 0.429646021875 0.2773571515625 0.39733843750000003 0.2433334328125 0.33782450937499997 0.1957002765625 0.263007103125 0.21781564687500002 0.200092303125 0.275655928125 0.1917516609375 0.26190476406249996 0.11507240625 0.3896353921875 0.09636805312499999 0.49510892812499996 0.1796875765625 0.5172243296875 0.1779872046875 0.576765834375
5 0.5622771156249999 0.8387484859375001 0.648997384375 0.8778758124999999 0.7850293484375 0.79792 0.8275392984375 0.7621951203124999 0.8088348171874999 0.6243990265625 0.7561223796875 0.5342361921875 0.6813049734375001 0.5155231734375 0.6353941468750001 0.47299352656250004 0.613289053125 0.47299352656250004 0.4298469015625 0.5765306156250001 0.404140053125 0.6465144953124999 0.5027631875 0.706056 0.5027631875 0.7809081390625 0.5622771156249999 0.8387484859375001
5 0.8904539734375 0.724769146875 0.9397654062499999 0.7570915140625 0.9890771031250001 0.586972990625 0.9822753578125001 0.47639591093749994 0.9516681421875001 0.3488069734375 0.9145407765625 0.30867347343749996 0.8734499906250001 0.39984254531249996 0.7986323265624999 0.54444334375 0.8173368078125 0.66012396875 0.8904539734375 0.724769146875
5 0.4551519953125 0.1565729515625 0.4551519953125 0.1225492328125 0.32252103125 0.1038361828125 0.2215135671875 0.193877553125 0.2936141875 0.20590733437500003 0.363330478125 0.1871943484375 0.4551519953125 0.1565729515625
5 0.431346396875 0.1803895453125 0.45005087968749996 0.25013813906250004 0.546973509375 0.3317951109375 0.691507334375 0.3947389375 0.6966084515625 0.2229191921875 0.6200906703125 0.132756321875 0.431346396875 0.1803895453125
5 0.8071343171875001 0.461085209375 0.8224380531250001 0.3930377765625 0.754422134375 0.3505081296875 0.6254251296875 0.38945578593749997 0.6932077046875 0.44917689687499995 0.6796045984375 0.49510892812499996 0.7561223796875 0.4934077671875 0.8071343171875001 0.461085209375
5 0.521467540625 0.010270959375 0.40221084375 0.032312928125 0.37523334375 0.105537375 0.49086032656249995 0.11064098281250001 0.5367711468749999 0.090226709375 0.521467540625 0.010270959375
5 0.54251696875 0.008928571875000001 0.5435727640625 0.108939728125 0.6455966421875 0.1242503921875 0.6540986296875 0.0340876203125 0.54251696875 0.008928571875000001
5 0.810535321875 0.1565729515625 0.6949082046874999 0.0425935484375 0.6438961390625 0.11234211093749999 0.6881065890625 0.17528596875 0.7850293484375 0.241632209375 0.810535321875 0.1565729515625
5 0.7253400984375 0.2661564640625 0.7510213921875 0.345404584375 0.8564460140625 0.3828306875 0.7816283484375 0.2858630796875 0.7253400984375 0.2661564640625
5 0.23325092343749998 0.71653496875 0.1541816078125 0.7758046609375 0.135477259375 0.905094759375 0.211995165625 0.9323137046875001 0.31401904062499997 0.835346165625 0.2987154328125 0.748585646875 0.23325092343749998 0.71653496875