1 0 0.9677734375 0.05859375 0.9990234375 0.3818359375 1 0.4873046875 0.970703125 0.7412109375 0.84375 0.84375 0.7470703125 0.90625 0.6376953125 0.935546875 0.4912109375 0.904296875 0.2041015625 0.8564453125 0.1171875 0.7880859375 0.0703125 0.6943359375 0.0390625 0.3193359375 0.00390625 0.1923828125 0.0078125 0 0.1005859375 0 0.9677734375
5 0.9257371734375001 0.432165040625 0.88492759375 0.461085209375 0.8458183921875 0.55635159375 0.8169116781250001 0.6584227453125 0.7437945140625 0.7502869375000001 0.655373875 0.8115295359375001 0.6383698921875001 0.8404496421875001 0.697883821875 0.86766859375 0.78290371875 0.8132306968749999 0.852620009375 0.714561928125 0.878125978125 0.6346061828125 0.918935553125 0.5393397359375001 0.9257371734375001 0.432165040625
5 0.8911564999999999 0.40221088437499997 0.813510803125 0.20930971875 0.6485722546875 0.26715 0.5465483796874999 0.45768282656250003 0.453026490625 0.5274314859375 0.3629053484375 0.6141920671875 0.296589803125 0.6737335718749999 0.3561038609375 0.7332750796874999 0.4224192765625 0.7809081390625 0.6230662859375 0.6550204234375 0.7471953890624999 0.5359374156250001 0.83391565625 0.4814994546875 0.8911564999999999 0.40221088437499997
5 0.6828231703125 0.1045918390625 0.4972368125 0.090226709375 0.36630622343749997 0.090226709375 0.36630622343749997 0.1854930890625 0.6828231703125 0.1045918390625
5 0.557398 0.40433673593749997 0.49383606718750006 0.3351974328125 0.3459013703125 0.3300938890625 0.31869502656250004 0.41004963437499997 0.3305978921875 0.4814994546875 0.4326217671875 0.513821946875 0.557398 0.40433673593749997
5 0.3915816703125 0.774234696875 0.284687071875 0.6737335718749999 0.135052 0.7451832640625 0.0738378265625 0.8149318578125 0.0092226515625 0.8642662718749999 0.000720665625 0.9425207953125 0.012623396875000002 0.9680385843750001 0.11634777656249999 0.905094759375 0.2149706515625 0.917003009375 0.30509179531249997 0.8591626609375 0.3915816703125 0.774234696875
5 0.23877637499999999 0.6482157859375001 0.3476018703125 0.49510892812499996 0.16055796875 0.6124907765625001 0 0.7196654734375 0.0092226515625 0.84385209375 0.16055796875 0.7281714015625 0.23877637499999999 0.6482157859375001
5 0.24702384843749997 0.5340136078125 0.1945659234375 0.5189255578124999 0.1146472765625 0.5750646781250001 0.0058219109375 0.6499168171874999 0 0.6924464593749999 0.24702384843749997 0.5340136078125
5 0.1809626921875 0.48320061562500005 0.296589803125 0.352209290625 0.23537563437500003 0.3573129015625 0.184363696875 0.3556116734375 0.119748521875 0.3590140578125 0.119748521875 0.4015437046875 0.00242090625 0.49510892812499996 0.0075221515625 0.6278014109375001 0.08574056249999999 0.58867428125 0.1809626921875 0.48320061562500005
5 0.1401532453125 0.321587959375 0.132227928125 0.2385204109375 0.119748521875 0.229723959375 0.00412140625 0.229723959375 0.00412140625 0.2892654640625 0 0.3879342328125 0.0075221515625 0.4746946875 0.09424254843749999 0.4185555671875 0.1401532453125 0.321587959375
5 0.5805563390625 0.3113808703125 0.5448480046874999 0.21781564687500002 0.44792524531250005 0.26715 0.43432213906249995 0.3232891828125 0.5805563390625 0.3113808703125
5 0.4139172859375 0.24673582187499998 0.37670071875 0.18324829843749998 0.3118934109375 0.22121803125 0.1571572234375 0.2042062046875 0.152055978125 0.2739547671875 0.237075875 0.321587959375 0.3271970171875 0.321587959375 0.4139172859375 0.24673582187499998