1 0.89453125 0.6337890625 0.921875 0.4658203125 0.890625 0.2919921875 0.8125 0.1513671875 0.6826171875 0.0546875 0.5966796875 0.02734375 0.5087890625 0.0234375 0.4169921875 0.0390625 0.3232421875 0.080078125 0.173828125 0.2080078125 0.078125 0.3505859375 0.03515625 0.5283203125 0.064453125 0.6669921875 0.134765625 0.7958984375 0.2060546875 0.875 0.2744140625 0.919921875 0.4150390625 0.966796875 0.53515625 0.9697265625 0.5830078125 0.96484375 0.6767578125 0.919921875 0.818359375 0.7939453125 0.89453125 0.6337890625
5 0.44835037499999997 0.5053160171875 0.4347472671875 0.5461445046875 0.3871360765625 0.5342361921875 0.3650309828125 0.47639591093749994 0.31231854062500003 0.4474757359375 0.2392015046875 0.507017240625 0.24260225000000002 0.5512480484375 0.26810821875 0.6005824640624999 0.31912015625 0.6329049546875 0.3956380671875 0.6737335718749999 0.42284440625 0.707757290625 0.485759209375 0.809828375 0.572479478125 0.86766859375 0.6149894234375 0.86766859375 0.720414178125 0.8166330171875 0.820737553125 0.7349761078125 0.8785512359375 0.6465144953124999 0.9023567046875 0.5189255578124999 0.9261621734375 0.408348478125 0.9091581921874999 0.32669150468749997 0.7731263578124999 0.3147832546875 0.715312928125 0.28756424062499997 0.6557990046875 0.24843697812499999 0.5945847015625 0.263747678125 0.5486738796874999 0.35391051406249996 0.521467540625 0.41004963437499997 0.4891599515625 0.444073353125 0.44835037499999997 0.5053160171875
5 0.6643009906249999 0.2348275046875 0.7306164109375 0.26715 0.7578228796875 0.30117371406250004 0.78843009375 0.3028749421875 0.810535321875 0.30117371406250004 0.8411422765625 0.2926677859375 0.8615472593750001 0.2586440671875 0.8496442640625 0.1991025984375 0.78843009375 0.11574446406250001 0.720414178125 0.090226709375 0.6847057140625 0.0528006078125 0.6557990046875 0.044294678125 0.6084183296875 0.057823129687499995 0.6540986296875 0.132756321875 0.6455966421875 0.17528596875 0.6336937765624999 0.2229191921875 0.6643009906249999 0.2348275046875
5 0.0878660625 0.444073353125 0.1252747671875 0.501913696875 0.16608434375 0.4797982328125 0.1881895671875 0.3930377765625 0.176870709375 0.2534013609375 0.12867563906249999 0.30117371406250004 0.079364071875 0.374324759375 0.0878660625 0.444073353125
5 0.2545051109375 0.89148521875 0.2936141875 0.9204054546875 0.315719415625 0.9340148656249999 0.3106181703125 0.89148521875 0.3004158078125 0.86766859375 0.24260225000000002 0.78601175 0.1745863296875 0.706056 0.11096934843749999 0.6998299328125 0.1541816078125 0.8047247671875001 0.1898899421875 0.8659674328125 0.2545051109375 0.89148521875
5 0.6013861921875 0.9578314953125 0.7085114421875 0.9033935984375001 0.810535321875 0.8166330171875 0.810535321875 0.791115228125 0.7918308390625 0.760493959375 0.6966084515625 0.8455532546875 0.5775807234375 0.8897840578125 0.5044635578125 0.8387484859375001 0.3469387359375 0.9166666703124999 0.378634084375 0.956130334375 0.511265178125 0.9663374234375001 0.6013861921875 0.9578314953125
5 0.1932906828125 0.7043547765625 0.23410025937499998 0.6737335718749999 0.1747448578125 0.616921771875 0.1116716609375 0.6465144953124999 0.15078073593750002 0.6890441421875 0.1932906828125 0.7043547765625
5 0.5486738796874999 0.137859896875 0.6149894234375 0.108939728125 0.6064874375 0.0664100796875 0.5350707765625 0.006868576562500001 0.42794565156250003 0.044294678125 0.31231854062500003 0.0885255140625 0.290213446875 0.108939728125 0.2852890765625 0.10884354062499998 0.2919138171875 0.16678004062500001 0.3701320984375 0.1344575140625 0.484058834375 0.1310551609375 0.5486738796874999 0.137859896875
5 0.4551519953125 0.40324486562499995 0.4721559734375 0.4474757359375 0.5061639328124999 0.4202567234375 0.533370271875 0.3590140578125 0.5503742546875 0.275655928125 0.485759209375 0.2433334328125 0.38520404531249997 0.2555272140625 0.3769337140625 0.31308203125 0.4466500046875 0.345404584375 0.4551519953125 0.40324486562499995
5 0.305517053125 0.3420022015625 0.28341182656249997 0.30117371406250004 0.31231854062500003 0.275655928125 0.2783105796875 0.24843697812499999 0.24600312500000002 0.282460696875 0.213010165625 0.26190476406249996 0.223897896875 0.31308203125 0.1881895671875 0.3420022015625 0.24600312500000002 0.35391051406249996 0.305517053125 0.3420022015625
5 0.44324925937500004 0.461085209375 0.4347472671875 0.41685440625 0.39903893749999997 0.3828306875 0.341225384375 0.3096796421875 0.28341182656249997 0.40324486562499995 0.3599297328125 0.46959114218750003 0.4160429203125 0.501913696875 0.44324925937500004 0.461085209375