1 0.890625 0.8271484375 0.958984375 0.6943359375 0.986328125 0.4794921875 0.955078125 0.3271484375 0.86328125 0.1689453125 0.7294921875 0.0546875 0.5888671875 0.005859375 0.4189453125 0.0234375 0.359375 0.0673828125 0.359375 0.9990234375 0.751953125 0.9990234375 0.8115234375 0.939453125 0.8583984375 0.94921875 0.875 0.9365234375 0.890625 0.8271484375
5 0.5928842015625 0.039191134375 0.5571758703125 0.023880432812499998 0.4347472671875 0.023880432812499998 0.4128400984375 0.055697281249999994 0.5129655484375 0.1004337984375 0.5996858171875 0.1004337984375 0.657499375 0.07491600937500001 0.5928842015625 0.039191134375
5 0.4874595796875 0.2688512234375 0.5146659203125 0.21271210312500002 0.511265178125 0.11744565625 0.44685370156250004 0.13647959375000002 0.363330478125 0.2807595359375 0.36843172343749997 0.3471057453125 0.429646021875 0.3437033609375 0.4874595796875 0.2688512234375
5 0.7561223796875 0.33349627187499997 0.7816283484375 0.253540521875 0.7816283484375 0.17018248593750002 0.640495396875 0.136158771875 0.5552720718749999 0.1301020453125 0.533370271875 0.24503459374999997 0.6217910453125 0.328392728125 0.7068109421875 0.42876265625 0.7561223796875 0.33349627187499997
5 0.378634084375 0.8370473265625 0.4619536109375 0.8625651109374999 0.46875522812500003 0.8115295359375001 0.429646021875 0.724769146875 0.41944366093749996 0.5478456656249999 0.3533162859375 0.4744897984375 0.3599297328125 0.55635159375 0.37183246875 0.6567217140625 0.378634084375 0.8370473265625
5 0.46875522812500003 0.772402209375 0.5503742546875 0.835346165625 0.5758802234375 0.8336448750000001 0.5418722640625 0.709458321875 0.5452731390625 0.5427421203125 0.47385634374999996 0.5274314859375 0.45175124999999994 0.5104196296875 0.433046896875 0.55635159375 0.42794565156250003 0.6295026390625 0.46875522812500003 0.772402209375
5 0.3599297328125 0.9357160265625 0.37523334375 0.9765445140625 0.3956380671875 0.9884527640625 0.494261196875 0.9918552093749999 0.6609001203125 0.9948963890625 0.674503353125 0.9782456734375 0.613289053125 0.9357160265625 0.4874595796875 0.8761745218750001 0.46875522812500003 0.8795769734375 0.3514277453125 0.8540590531250001 0.36843172343749997 0.9136005578124999 0.3599297328125 0.9357160265625
5 0.5758802234375 0.7894140671875001 0.6353941468750001 0.7894140671875001 0.7799281031249999 0.7655974421875 0.8241382953124999 0.7281714015625 0.836041290625 0.6618251296875 0.8411422765625 0.522327875 0.761223625 0.461085209375 0.6591997453125 0.4661887546875 0.529761865625 0.4978741515625 0.5690787328125 0.5784670625 0.5690787328125 0.6890441421875 0.5758802234375 0.7894140671875001
5 0.8734499906250001 0.25013813906250004 0.812499959375 0.23639455781250002 0.78672959375 0.30117371406250004 0.880251478125 0.316484415625 0.9074579515625001 0.263747678125 0.8734499906250001 0.25013813906250004
5 0.9261621734375 0.43386626406250006 0.9397654062499999 0.3573129015625 0.8613945171875 0.3363095265625 0.8445432765625001 0.44917689687499995 0.8445432765625001 0.5257302593750001 0.8853527234375 0.541040959375 0.9261621734375 0.43386626406250006
5 0.8190373078125001 0.922106615625 0.8564460140625 0.8540591828125 0.8989559593750001 0.8149318578125 0.9448666515624999 0.74007971875 0.8972554593750001 0.7315737906249999 0.8666482453125001 0.748585646875 0.7986323265624999 0.8421508031249999 0.6913264906250001 0.884778915625 0.674503353125 0.956130334375 0.7442196421875 0.9510267234375 0.8190373078125001 0.922106615625
5 0.9312634203125001 0.68394053125 0.9567693890625 0.602283625 0.973773365625 0.530833803125 0.9754738656249999 0.4644875984375 0.9443026828125 0.44897959375 0.8853527234375 0.5648575218749999 0.8513447671875 0.675434603125 0.88875346875 0.6992513609375 0.9312634203125001 0.68394053125
5 0.73741815625 0.7689998890624999 0.6864060890625 0.7928165171875 0.599914928125 0.8337585046875 0.6166897984374999 0.8982899906249999 0.7102116828125 0.8744733609375 0.7578228796875 0.8081270890625 0.73741815625 0.7689998890624999
5 0.6081878078125 0.45257928124999997 0.6626006203125 0.4355674234375 0.6064874375 0.345404584375 0.5554755 0.316484415625 0.525510165625 0.281037415625 0.382034959375 0.386233009375 0.380334459375 0.4661887546875 0.4347472671875 0.501913696875 0.6081878078125 0.45257928124999997