1 0.92578125 0.6611328125 0.9599609375 0.65625 0.970703125 0.6259765625 0.966796875 0.5849609375 0.931640625 0.5498046875 0.939453125 0.3681640625 0.88671875 0.2177734375 0.7724609375 0.0859375 0.6787109375 0.03515625 0.6044921875 0.01953125 0.5087890625 0.0234375 0.3994140625 0.052734375 0.2373046875 0.146484375 0.0703125 0.2998046875 0 0.4658203125 0.015625 0.6455078125 0.0625 0.7451171875 0.1328125 0.8349609375 0.2451171875 0.921875 0.3369140625 0.966796875 0.4091796875 0.990234375 0.513671875 0.9931640625 0.6748046875 0.96484375 0.7744140625 0.90234375 0.84765625 0.8310546875 0.92578125 0.6611328125
5 0.23410025937499998 0.42876265625 0.2392015046875 0.4644875984375 0.30721742343749997 0.391336615625 0.353128115625 0.3573129015625 0.456852365625 0.40324486562499995 0.52826915625 0.3947389375 0.558876240625 0.42876265625 0.63199340625 0.36071521875 0.7068109421875 0.3113808703125 0.761223625 0.2841618578125 0.7731263578124999 0.24673582187499998 0.771426115625 0.2076085265625 0.8054340765625 0.12935396875 0.7170134328125 0.0476970625 0.5605767453125 0.017075696874999997 0.39733843750000003 0.0613065359375 0.2647074734375 0.1344575140625 0.16438396875 0.20250494687499998 0.1130952015625 0.26190476406249996 0.1745863296875 0.30117371406250004 0.3242214015625 0.2569429109375 0.28171145468750003 0.33349627187499997 0.23410025937499998 0.42876265625
5 0.4993623125 0.4712922984375 0.4925608265625 0.41685440625 0.404140053125 0.3879342328125 0.34292575468750003 0.3760259203125 0.308673428125 0.38945578593749997 0.331023021875 0.47639591093749994 0.3837353296875 0.530833803125 0.484058834375 0.5274314859375 0.4993623125 0.4712922984375
5 0.6966084515625 0.5546504328124999 0.762924125 0.58867428125 0.836041290625 0.5954789203125 0.8632475 0.5189255578124999 0.880251478125 0.455981665625 0.8819519828125 0.3845318484375 0.8326402859375 0.3896353921875 0.8445432765625001 0.3147832546875 0.8615472593750001 0.2807595359375 0.8088348171874999 0.2892654640625 0.8020333296875 0.2722536078125 0.7238149203125 0.3181855765625 0.676445540625 0.344812928125 0.6694021078125 0.40664724999999996 0.68300534375 0.4678899828125 0.676203728125 0.5036148578125 0.6966084515625 0.5546504328124999
5 0.8836522234374999 0.2960701703125 0.9006562015625 0.2960701703125 0.9091581921874999 0.25013813906250004 0.9006562015625 0.2314251203125 0.8734499906250001 0.1871943484375 0.8167516609375 0.149234696875 0.78672959375 0.2280227359375 0.771426115625 0.2620464546875 0.820737553125 0.2739547671875 0.8836522234374999 0.2960701703125
5 0.08276481718749999 0.5903753125 0.053858103125 0.6482157859375001 0.0385544953125 0.6822395046875 0.070862084375 0.7451832640625 0.0997687953125 0.777505821875 0.1949911875 0.7792069781250001 0.23410025937499998 0.777505821875 0.2136955359375 0.6924464593749999 0.26810821875 0.675434603125 0.302116178125 0.5903753125 0.2562054859375 0.5206267140625 0.20689392031249998 0.4542804421875 0.140578375 0.41685440625 0.147379990625 0.3471057453125 0.1237244515625 0.3469387765625 0.050457360937499994 0.43726858437500005 0.036854125 0.49170654531249997 0.069161709375 0.5512480484375 0.08276481718749999 0.5903753125
5 0.30721742343749997 0.8642662718749999 0.3089177953125 0.794517678125 0.2342686703125 0.7806122453125 0.22219752656249997 0.8234377859374999 0.2323998890625 0.8574615046874999 0.2562054859375 0.8846804515625 0.30721742343749997 0.8642662718749999
5 0.06236009375 0.39984254531249996 0.1252747671875 0.3317951109375 0.12357439218749999 0.3028749421875 0.10316967031249999 0.2892654640625 0.043655740625 0.3488069734375 0.0215505171875 0.40324486562499995 0 0.44917689687499995 0.002846165625 0.486603 0.002846165625 0.541040959375 0.0266517640625 0.6618251296875 0.057258848437499996 0.6124907765625001 0.053858103125 0.5546504328124999 0.0266517640625 0.46959114218750003 0.06236009375 0.39984254531249996
5 0.42284440625 0.8081270890625 0.42284440625 0.7009523921875 0.41094167343750004 0.6312039281249999 0.3363094859375 0.667942178125 0.3361241390625 0.736677334375 0.3361241390625 0.830242553125 0.4007393125 0.8404496421875001 0.42284440625 0.8081270890625
5 0.40924129843749996 0.5750646781250001 0.378634084375 0.5172243296875 0.3174197859375 0.49510892812499996 0.3004158078125 0.5852717671875001 0.302116178125 0.6397098578125 0.36843172343749997 0.644813271875 0.40924129843749996 0.5750646781250001
5 0.666001365625 0.4474757359375 0.6643009906249999 0.374324759375 0.5996858171875 0.4015437046875 0.5340135671875 0.4234693890625 0.49766194218750004 0.5053160171875 0.5894834546875 0.522327875 0.6540986296875 0.5087184015624999 0.666001365625 0.4474757359375
5 0.439848384375 0.8744733609375 0.5741798484375 0.8744733609375 0.648997384375 0.8540591828125 0.78843009375 0.7894140671875001 0.9210611875 0.706056 0.9261621734375 0.6158930984375 0.8632475 0.6482157859375001 0.7833288484375001 0.726470178125 0.597985446875 0.8081270890625 0.41709179843750005 0.8082482984375 0.39733843750000003 0.86766859375 0.42114403593749994 0.8795769734375 0.439848384375 0.8744733609375
5 0.6030866921875 0.86766859375 0.5299695265625 0.8761745218750001 0.45005087968749996 0.8778758124999999 0.42624528125000005 0.886381740625 0.4362244515625 0.9464285718750001 0.5367711468749999 0.9765445140625 0.648997384375 0.962935103125 0.6643009906249999 0.9101982359375 0.6030866921875 0.86766859375
5 0.9329639203125 0.3079784859375 0.8698979203125001 0.304421771875 0.8428427765625001 0.3658188296875 0.871749490625 0.3879342328125 0.948267396875 0.37772707968749997 0.9329639203125 0.3079784859375