1 0.0009765625 0 0 0.9365234375 0.0654296875 0.9765625 0.1298828125 0.990234375 0.2783203125 0.982421875 0.4345703125 0.890625 0.560546875 0.7314453125 0.615234375 0.5498046875 0.615234375 0.4228515625 0.591796875 0.3056640625 0.515625 0.1533203125 0.513671875 0.0693359375 0.4970703125 0.0546875 0.4482421875 0.0625 0.3818359375 0 0.0009765625 0
5 0.2083070796875 0.9706869953125 0.2529425265625 0.9349950890625 0.2690113125 0.8832417984375001 0.38506347343749997 0.8314886421875001 0.426128 0.7636739640625 0.39756134374999996 0.69407471875 0.3315009375 0.69407471875 0.33507171874999997 0.6619521515625 0.27258209375 0.6583828125 0.2350883484375 0.7244129906250001 0.14760284375 0.7583201921875 0.199379990625 0.8957340484375 0.0763392453125 0.9446428578124999 0.042263165625 0.9546256109375 0.1065383171875 0.9921022234375 0.2083070796875 0.9706869953125
5 0.377921771875 0.6262602453125 0.436840615625 0.6012757453125 0.4582655765625 0.6708751296875 0.4296989203125 0.738689603125 0.47076344687500005 0.76545853125 0.5350385984375 0.7137053078125 0.52254059375 0.6780134015625 0.5903865265625 0.6191217015625 0.5761031296875 0.5762914515625 0.5850302187499999 0.52275359375 0.6118114859375 0.4246008484375 0.5761031296875 0.3425094203125 0.5439656875 0.28183321875 0.5082573296875 0.3353710796875 0.488617625 0.2854024234375 0.401132259375 0.237218334375 0.3598213890625 0.252678571875 0.411844740625 0.34964782968749997 0.3261446296875 0.512045978125 0.2940071921875 0.6191217015625 0.377921771875 0.6262602453125
5 0.0315506875 0.44780057656250005 0.038692384375 0.390693509375 0.0583319546875 0.3567862359375 0.035121603125 0.301463740625 0.072615353125 0.22829532656249998 0.10832370468750001 0.20152639687499999 0.10118200937499999 0.144419365625 0.0160713890625 0.18125 0.0029840265625 0.287186990625 0.006554807812500001 0.4888462546875 0.0315506875 0.44780057656250005
5 0.133319584375 0.1408501609375 0.136890365625 0.0873122984375 0.1725987234375 0.1033736875 0.2422300453125 0.0730355484375 0.2315175671875 0.0034363390624999996 0.15474454531249998 0 0.0674106734375 0.0830357140625 0.10475279062500001 0.0962352765625 0.1065383171875 0.1301425796875 0.133319584375 0.1408501609375
5 0.2118778609375 0.17475746406249998 0.1723213890625 0.1678571421875 0.076186134375 0.290756196875 0.1172507953125 0.32466346874999996 0.1743841109375 0.3228789015625 0.2118778609375 0.17475746406249998
5 0.129748665625 0.7993658703125 0.1511737640625 0.735120396875 0.031696389062500004 0.6321428578125 0 0.7047823296875 0.0547611734375 0.776166146875 0.129748665625 0.7993658703125
5 0.3725654640625 0.0837431296875 0.3225738484375 0.0837431296875 0.3225738484375 0.1711882953125 0.27258209375 0.11765043281250001 0.23705353125 0.141071428125 0.313646759375 0.20509567031249998 0.4064884328125 0.2122339734375 0.36185298593750004 0.1640499203125 0.3725654640625 0.0837431296875
5 0.4475530984375 0.12121960312499999 0.4189864375 0.0748201515625 0.35758924531249997 0.047321428124999995 0.3582822046875 0.0908815046875 0.5082573296875 0.233649134375 0.5546781703125 0.23543370156250001 0.4475530984375 0.12121960312499999
5 0.133319584375 0.5013384328125 0.1940236828125 0.4495851421875 0.167242415625 0.39604728125 0.1190361875 0.4299546203125 0.0540178171875 0.415625 0.0404777765625 0.4067548921875 0.042263165625 0.4710002984375 0.133319584375 0.5013384328125
5 0.24044465625 0.290756196875 0.23865912968749997 0.25506429062499997 0.3065050625 0.3228789015625 0.327930021875 0.30503294687500004 0.317217540625 0.25506429062499997 0.3439988078125 0.2479258796875 0.2993633609375 0.2229416203125 0.2707967046875 0.24078754062500002 0.2333029546875 0.20688020156250003 0.21696424531249997 0.22142857187499998 0.2154487765625 0.319309696875 0.2083070796875 0.38533973593750004 0.251157134375 0.38533973593750004 0.24044465625 0.290756196875