1 0.986328125 0.5966796875 1 0.3095703125 0.943359375 0.2001953125 0.8935546875 0.14453125 0.7880859375 0.07421875 0.6181640625 0.001953125 0.4013671875 0.00390625 0.2158203125 0.080078125 0.095703125 0.2021484375 0.0390625 0.3681640625 0.0234375 0.6494140625 0.04296875 0.7607421875 0.076171875 0.8349609375 0.1337890625 0.8984375 0.2099609375 0.9453125 0.3408203125 0.978515625 0.4375 0.9814453125 0.5986328125 0.95703125 0.7685546875 0.876953125 0.921875 0.7451171875 0.986328125 0.5966796875
5 0.8989559593750001 0.6295026390625 0.8972554593750001 0.569961134375 0.8496442640625 0.5206267140625 0.772108803125 0.5170068031249999 0.7510213921875 0.5852717671875001 0.754422134375 0.6243990265625 0.8394420312499999 0.6380085671875 0.8989559593750001 0.6295026390625
5 0.5741798484375 0.760493959375 0.5707791078125 0.6907454328125 0.4702380578125 0.6785714281249999 0.431346396875 0.7468844234375001 0.45855286562500003 0.8047247671875001 0.5316699015624999 0.7928165171875 0.5741798484375 0.760493959375
5 0.7000094515625 0.8081270890625 0.713612428125 0.7621951203124999 0.6813049734375001 0.706056 0.597985446875 0.6907454328125 0.606292478125 0.704081634375 0.572479478125 0.7502869375000001 0.572479478125 0.809828375 0.6506977593750001 0.8421508031249999 0.7000094515625 0.8081270890625
5 0.348027 0.869369884375 0.302116178125 0.8149318578125 0.2647074734375 0.8047247671875001 0.20875846406249998 0.7976190484375 0.200092303125 0.8744733609375 0.2545051109375 0.9255089375000001 0.327622146875 0.9067959203125 0.348027 0.869369884375
5 0.7680253703125001 0.490005384375 0.7238149203125 0.47639591093749994 0.721088396875 0.4914965984375 0.703410196875 0.5393397359375001 0.7255154234375001 0.5478456656249999 0.7680253703125001 0.5359374156250001 0.7680253703125001 0.490005384375
5 0.2477034953125 0.5121207859375 0.217261865625 0.5191326562499999 0.211995165625 0.576765834375 0.2749098390625 0.586972990625 0.2936141875 0.5393397359375001 0.2477034953125 0.5121207859375
5 0.553775125 0.171883615625 0.338435334375 0.1704932015625 0.2528046109375 0.4015437046875 0.42794565156250003 0.425360334375 0.5316699015624999 0.290966625 0.553775125 0.171883615625
5 0.6591997453125 0.40664724999999996 0.7748268578124999 0.22632157656250002 0.5662676609374999 0.1990357984375 0.4874595796875 0.3879342328125 0.6591997453125 0.40664724999999996
5 0.9040572046875001 0.490005384375 0.9295631734375001 0.40664724999999996 0.912559196875 0.275655928125 0.7827380578125 0.2534013609375 0.7068109421875 0.3658188296875 0.8020333296875 0.455981665625 0.9040572046875001 0.490005384375
5 0.5418722640625 0.16507887968749999 0.6796045984375 0.190596665625 0.7170134328125 0.16507887968749999 0.5962850765625001 0.0613065359375 0.407540928125 0.11064098281250001 0.4347472671875 0.148067021875 0.45855286562500003 0.148067021875 0.5418722640625 0.16507887968749999