1 0.3388671875 0.982421875 0.4873046875 1 0.5693359375 0.98046875 0.6708984375 0.92578125 0.7734375 0.8251953125 0.837890625 0.7314453125 0.896484375 0.6064453125 0.935546875 0.4658203125 0.94140625 0.1982421875 0.921875 0.0947265625 0.8759765625 0.0078125 0.412216915625 0.0087913796875 0.3527029859375 0.030260254687499998 0.07421875 0.2021484375 0.005859375 0.3798828125 0 0.5439453125 0.04296875 0.6923828125 0.126953125 0.7958984375 0.1337890625 0.876953125 0.1611328125 0.890625 0.1943359375 0.880859375 0.3388671875 0.982421875
5 0.6298679015624999 0.40111875937499997 0.5533499953125001 0.4334412546875 0.47173084374999996 0.4606602640625 0.44622487499999997 0.5576278078125 0.5210424109375 0.6409859421874999 0.5720543484375 0.66310134375 0.570353978125 0.7226428484375 0.6026615625 0.7566665671874999 0.6621754906249999 0.8042997234374999 0.736992896875 0.782184353125 0.799907696875 0.7243440718749999 0.8082483390625 0.7380952359374999 0.88492759375 0.6103646078125 0.9036319468749999 0.504891071875 0.8203124234375 0.4827756703125 0.8220127953125 0.423234165625 0.8475187640625 0.3177604953125 0.7420941421875 0.2990476078125 0.6893818296875 0.3841069015625 0.6298679015624999 0.40111875937499997
5 0.1911651828125 0.3756009734375 0.24387762031250002 0.46576380781250004 0.31869502656250004 0.4844768265625 0.364605853125 0.5270064734375 0.38671094687499996 0.5270064734375 0.5701530984375001 0.423469384375 0.595859946875 0.3534855046875 0.4972368125 0.293944 0.4972368125 0.21909186093750002 0.437722884375 0.1612515140625 0.351002615625 0.12212418750000001 0.2149706515625 0.20207999999999998 0.17246070156249999 0.2378048796875 0.1911651828125 0.3756009734375
5 0.048331857812500004 0.6511930265625 0.0854592234375 0.6913265265625 0.126550009375 0.6001574546875 0.2013676734375 0.45555665625 0.1826631921875 0.33987603125 0.10954602656250001 0.275230853125 0.060234593749999996 0.2429084859375 0.010922896875000001 0.41302700937500003 0.0177246421875 0.5236040890625 0.048331857812500004 0.6511930265625
5 0.7063858125 0.794092665625 0.636669521875 0.8128056515625 0.5448480046874999 0.8434270484375 0.5448480046874999 0.8774507671875 0.67747896875 0.8961638171875 0.7784864328125 0.806122446875 0.7063858125 0.794092665625
5 0.3033915484375 0.7770808078125 0.3799093296875 0.8672436781249999 0.568653603125 0.8196104546875 0.5499491203125 0.7498618609375 0.453026490625 0.6682048890625001 0.308492665625 0.6052610625 0.3033915484375 0.7770808078125
5 0.3067922953125 0.550823103125 0.3203954015625 0.504891071875 0.24387762031250002 0.5065922328125 0.1928656828125 0.538914790625 0.177561946875 0.6069622234375001 0.245577865625 0.6494918703125 0.3745748703125 0.6105442140624999 0.3067922953125 0.550823103125
5 0.46322885312500006 0.909773290625 0.47853245937500005 0.9897290406250001 0.59778915625 0.9676870718749999 0.62476665625 0.8944626250000001 0.5091396734375 0.8893590171874999 0.46322885312500006 0.909773290625
5 0.45748303124999995 0.9910714281249999 0.4564272359375 0.891060271875 0.3544033578125 0.8757496078125 0.3459013703125 0.9659123796875001 0.45748303124999995 0.9910714281249999
5 0.2149706515625 0.758367790625 0.189464678125 0.8434270484375 0.30509179531249997 0.9574064515625 0.3561038609375 0.8876578890625 0.3118934109375 0.8247140312499999 0.2149706515625 0.758367790625
5 0.27465990156250003 0.7338435359375 0.24897860781249997 0.654595415625 0.1435539859375 0.6171693125 0.2183716515625 0.7141369203125 0.27465990156250003 0.7338435359375
5 0.6859809593749999 0.164653834375 0.7012845671875 0.251414353125 0.7667490765625 0.28346503125 0.8458183921875 0.2241953390625 0.8645227406249999 0.094905240625 0.788004834375 0.0676862953125 0.6859809593749999 0.164653834375