1 0.3408203125 0.9609375 0.4658203125 0.970703125 0.5322265625 0.95703125 0.6923828125 0.88671875 0.841796875 0.7294921875 0.9296875 0.5205078125 0.921875 0.3134765625 0.8515625 0.1669921875 0.7861328125 0.109375 0.6826171875 0.0625 0.5078125 0.0498046875 0.3291015625 0.08203125 0.1865234375 0.171875 0.087890625 0.2861328125 0.02734375 0.4345703125 0.029296875 0.6611328125 0.064453125 0.7548828125 0.1787109375 0.8828125 0.3408203125 0.9609375
5 0.47683208906249996 0.2122870890625 0.4683300984375 0.2429084859375 0.48873482187499995 0.3058523125 0.5006376875 0.3500831828125 0.539746759375 0.3756009734375 0.611163553125 0.40962468750000003 0.672377853125 0.382405678125 0.6740782234375 0.31605946875 0.6757785984375 0.2667249203125 0.68087984375 0.220793021875 0.62646703125 0.2241953390625 0.5873579546875 0.1765622140625 0.539746759375 0.15784919687500001 0.4819332046875 0.1731597640625 0.47683208906249996 0.2122870890625
5 0.2506791109375 0.1816656921875 0.1809626921875 0.2327012671875 0.1588577234375 0.3109558578125 0.1333517546875 0.379003290625 0.14865523281249998 0.44364840625 0.23877637499999999 0.469166196875 0.25748059843750004 0.513397 0.296589803125 0.540615946875 0.3527029859375 0.5372136296875001 0.3799093296875 0.47767212499999995 0.4224192765625 0.5031899109375 0.46492922343750004 0.5355124015625 0.5006376875 0.5287077015625 0.504038428125 0.49638514218749996 0.544642896875 0.5063775484375 0.5482487500000001 0.4266365484375 0.5244431515625 0.3773020046875 0.47513171875 0.3177604953125 0.453026490625 0.23610371875 0.453026490625 0.186769303125 0.44112375937500004 0.135733728125 0.3476018703125 0.1629526734375 0.2506791109375 0.1816656921875
5 0.1146472765625 0.6341811703125 0.119748521875 0.5525242640625 0.087440803125 0.475970896875 0.036564665625 0.4362244859375 0.0296273796875 0.5491218796874999 0.036428865625 0.6290776250000001 0.0568338484375 0.705630990625 0.0908418078125 0.75496540625 0.126550009375 0.8179092640625001 0.135052 0.7379535453125 0.1146472765625 0.6341811703125
5 0.145254490625 0.8025985984374999 0.1435539859375 0.8213115796875 0.2319746296875 0.8995662015624999 0.323554459375 0.9400510171875001 0.3305978921875 0.8842555359375 0.4139172859375 0.8434270484375 0.4683300984375 0.7991962453125 0.3714073390625 0.7566665671874999 0.3152942859375 0.712435759375 0.17926244687499998 0.6682048890625001 0.145254490625 0.709033375 0.145254490625 0.8025985984374999
5 0.8118104328125 0.4164293921875 0.7676001109375 0.382405678125 0.719988915625 0.42833757656250004 0.7012845671875 0.498086303125 0.6910822046875 0.6035598390625 0.660474990625 0.67500965625 0.658774615625 0.7243440718749999 0.7846040890625 0.6222729203124999 0.7607984953125 0.6733084953125 0.78290371875 0.705630990625 0.7742347328125 0.7636054421875 0.8322152859375 0.7311487765625 0.8798263484375 0.6511930265625 0.9002312046875 0.5950539109374999 0.9444415218750001 0.5082934546875 0.8475187640625 0.5661337359374999 0.8475187640625 0.4827756703125 0.8118104328125 0.452154334375 0.8118104328125 0.4164293921875
5 0.46662972812500003 0.5576278078125 0.48023283437500003 0.6528942546875001 0.529544396875 0.6511930265625 0.5788559640625001 0.5984562953125 0.6573129640625 0.6062925140625001 0.6910822046875 0.5355124015625 0.738693396875 0.402819790625 0.709786553125 0.36369265624999997 0.617965040625 0.41132571875 0.5618519859375 0.4215329375 0.531244771875 0.513397 0.46662972812500003 0.5576278078125
5 0.5873579546875 0.6137669906250001 0.5125404203125 0.66310134375 0.48023283437500003 0.736252321875 0.48023283437500003 0.7838855765625 0.6169218078125 0.7742346921875 0.619665540625 0.666503728125 0.5873579546875 0.6137669906250001
5 0.1809626921875 0.47426974062499994 0.152055978125 0.516799384375 0.1826631921875 0.596755134375 0.2081691609375 0.66310134375 0.3305978921875 0.709033375 0.39011182187500004 0.7379535453125 0.4617347328125 0.7317176875 0.44112375937500004 0.632480009375 0.38671094687499996 0.6341811703125 0.41051654531250004 0.5610301921875 0.3884113171875 0.5116958390625 0.308492665625 0.5542254859375 0.2319746296875 0.49298275937499997 0.1809626921875 0.47426974062499994
5 0.5765306515625 0.93367346875 0.595859946875 0.8570365578124999 0.5805563390625 0.8145069109374999 0.49383606718750006 0.8060009828125001 0.3884113171875 0.8689448390625 0.351002615625 0.906370875 0.351002615625 0.9386934640625 0.4683300984375 0.9625100578125 0.5765306515625 0.93367346875
5 0.93763990625 0.41302700937500003 0.9002312046875 0.3568878890625 0.8577212546874999 0.3807045171875 0.842417646875 0.44875195156250003 0.8798263484375 0.5270064734375 0.9272959546875 0.5191326515625 0.93763990625 0.41302700937500003
5 0.9036319468749999 0.293944 0.8798263484375 0.22589662968750002 0.8509196390625 0.1544467453125 0.776102103125 0.1340325671875 0.7420941421875 0.1765622140625 0.774401728125 0.1952752328125 0.8373164015624999 0.23950604062499997 0.8594216250000001 0.331370103125 0.9177795140624999 0.34412678125 0.9036319468749999 0.293944
5 0.8316326921874999 0.4043367328125 0.813510803125 0.312657084375 0.8101100578124999 0.2497130625 0.7352925265625 0.21058593281250002 0.6961834515625 0.261621509375 0.6825802140625 0.3432782859375 0.694482946875 0.3841069015625 0.77950284375 0.3807045171875 0.8316326921874999 0.4043367328125
5 0.6162646703125 0.1595503578125 0.6485722546875 0.2156894109375 0.7369278890625 0.2156894109375 0.762498865625 0.117020709375 0.7250901609375 0.09830769218749999 0.651973 0.0863993125 0.6162646703125 0.1595503578125
5 0.1299507546875 0.2990476078125 0.177561946875 0.2173907015625 0.1554567234375 0.2156894109375 0.10784578593750001 0.2718285984375 0.06363533437499999 0.336473646875 0.061934834375000004 0.3960151515625 0.10034017343749999 0.423469384375 0.1299507546875 0.2990476078125