1 0.0634765625 0 0.02734375 0.0576171875 0 0.1162109375 0 0.6357421875 0.078125 0.7568359375 0.1904296875 0.85546875 0.3681640625 0.94140625 0.470703125 0.9638671875 0.6240234375 0.943359375 0.7353515625 0.8828125 0.8203125 0.8017578125 0.908203125 0.6591796875 0.966796875 0.4990234375 0.9921875 0.3603515625 0.984375 0.1806640625 0.9365234375 0 0.0634765625 0
5 0.247278365625 0.054501798437500006 0.37670071875 0.0004251703125 0.2693835890625 0.00176503125 0.1928656828125 0.0119721515625 0.1503557359375 0.0340876203125 0.1503557359375 0.080019584375 0.170760459375 0.149768178125 0.20476842031250003 0.17018248593750002 0.2319746296875 0.132756321875 0.247278365625 0.054501798437500006
5 0.2778855796875 0.3181855765625 0.227891196875 0.2087585046875 0.1554567234375 0.2042062046875 0.170760459375 0.2654488390625 0.19796667031249998 0.340301040625 0.126550009375 0.3845318484375 0.0823398171875 0.461085209375 0.102744540625 0.5155231734375 0.126550009375 0.5665587453125001 0.19796667031249998 0.6056861390625 0.2268736421875 0.6584227453125 0.1656592140625 0.6669286734375001 0.1231492640625 0.7009523921875 0.17926244687499998 0.7570915140625 0.2523796109375 0.7332750796874999 0.2914885578125 0.687342915625 0.364605853125 0.7128607046875 0.361204978125 0.6243990265625 0.3544033578125 0.5512480484375 0.351002615625 0.524029103125 0.286387571875 0.5393397359375001 0.2744845765625 0.44577451406249996 0.2778855796875 0.3181855765625
5 0.6077626781250001 0.2586440671875 0.5765306515625 0.1747449015625 0.5193420359375 0.16337768749999998 0.48703445156249997 0.2195168078125 0.5006376875 0.282460696875 0.5720543484375 0.2926677859375 0.6077626781250001 0.2586440671875
5 0.9733482359375 0.1974014015625 0.9325386609375 0.105537375 0.8509196390625 0.0459958703125 0.7727013578124999 0.0766172671875 0.740393771875 0.17528596875 0.7471953890624999 0.2399310484375 0.8186120484374999 0.2773571515625 0.8645227406249999 0.2042062046875 0.9733482359375 0.1974014015625
5 0.7488957593750001 0.54444334375 0.78290371875 0.513821946875 0.7182885453125001 0.316484415625 0.6077626781250001 0.41685440625 0.643471009375 0.4746946875 0.7488957593750001 0.54444334375
5 0.6995841921875 0.530833803125 0.650935415625 0.48724490156250005 0.6026615625 0.46959114218750003 0.5159411656249999 0.47639591093749994 0.531244771875 0.522327875 0.5720543484375 0.5954789203125 0.595859946875 0.6482157859375001 0.68087984375 0.675434603125 0.7437945140625 0.6226979953125 0.6995841921875 0.530833803125
5 0.5210424109375 0.5580528171875 0.5085034421875 0.4851190484375 0.4224192765625 0.47639591093749994 0.4054152984375 0.54444334375 0.4139172859375 0.6073871703125 0.46492922343750004 0.6567217140625 0.5057388031250001 0.6550204234375 0.556750740625 0.6278014109375001 0.5210424109375 0.5580528171875
5 0.6062925578125 0.1449829953125 0.551649625 0.0681113390625 0.4683300984375 0.0681113390625 0.3748082140625 0.0698124640625 0.3748082140625 0.1684812328125 0.40711579843749995 0.2144132640625 0.4564272359375 0.2042062046875 0.541447134375 0.1565729515625 0.6062925578125 0.1449829953125
5 0.3578042328125 0.9101982359375 0.4598281109375 0.9238077765625 0.43092126718749996 0.869369884375 0.364605853125 0.772402209375 0.25748059843750004 0.7332750796874999 0.22857388437499998 0.7570915140625 0.209869665625 0.8166330171875 0.247278365625 0.8778758124999999 0.3459013703125 0.905094759375 0.3578042328125 0.9101982359375
5 0.5788559640625001 0.7689998890624999 0.6339286109375 0.69132653125 0.6077626781250001 0.6465144953124999 0.5278440265625 0.6550204234375 0.5006376875 0.6788369859375 0.46322885312500006 0.7349761078125 0.46322885312500006 0.7809081390625 0.46492922343750004 0.8132306968749999 0.4700304734375 0.84385209375 0.5159411656249999 0.8948876703125 0.5618519859375 0.8659674328125 0.5788559640625001 0.7689998890624999
5 0.351002615625 0.321587959375 0.3363095625 0.24489795937499997 0.284687071875 0.2586440671875 0.2914885578125 0.290966625 0.2999905484375 0.340301040625 0.323796271875 0.391336615625 0.3544033578125 0.3930377765625 0.351002615625 0.321587959375