1 0.3818359375 1 0.4482421875 0.9375 0.4970703125 0.9453125 0.513671875 0.9306640625 0.515625 0.8466796875 0.591796875 0.6943359375 0.615234375 0.5771484375 0.615234375 0.4501953125 0.560546875 0.2685546875 0.4345703125 0.109375 0.2783203125 0.017578125 0.1298828125 0.009765625 0.0654296875 0.0234375 0 0.0634765625 0.0009765625 1 0.3818359375 1
5 0.0763392453125 0.0553571421875 0.199379990625 0.1042659515625 0.14760284375 0.24167980781249998 0.2350883484375 0.275587009375 0.27258209375 0.3416171875 0.33507171874999997 0.3380478484375 0.3315009375 0.30592528125 0.39756134374999996 0.30592528125 0.426128 0.23632603593749998 0.38506347343749997 0.16851135781249998 0.2690113125 0.11675820156250001 0.2529425265625 0.06500491093750001 0.2083070796875 0.029313004687499998 0.1065383171875 0.0078977765625 0.042263165625 0.0453743890625 0.0763392453125 0.0553571421875
5 0.411844740625 0.6503521703125 0.3598213890625 0.747321428125 0.401132259375 0.762781665625 0.488617625 0.7145975765625 0.5082573296875 0.6646289203125 0.5439656875 0.71816678125 0.5761031296875 0.6574905796875 0.6118114859375 0.5753991515625 0.5850302187499999 0.47724640625000003 0.5761031296875 0.4237085484375 0.5903865265625 0.3808782984375 0.52254059375 0.3219865984375 0.5350385984375 0.2862946921875 0.47076344687500005 0.23454146874999998 0.4296989203125 0.261310396875 0.4582655765625 0.3291248703125 0.436840615625 0.3987242546875 0.377921771875 0.3737397546875 0.2940071921875 0.3808782984375 0.3261446296875 0.487954021875 0.411844740625 0.6503521703125
5 0.0160713890625 0.81875 0.10118200937499999 0.855580634375 0.10832370468750001 0.7984736031249999 0.072615353125 0.7717046734374999 0.035121603125 0.698536259375 0.0583319546875 0.6432137640625 0.038692384375 0.6093064906250001 0.0315506875 0.5521994234375 0.006554807812500001 0.5111537453125 0.0029840265625 0.712813009375 0.0160713890625 0.81875
5 0.0674106734375 0.9169642859374999 0.15474454531249998 1 0.2315175671875 0.9965636609375 0.2422300453125 0.9269644515625 0.1725987234375 0.8966263124999999 0.136890365625 0.9126877015625 0.133319584375 0.8591498390625001 0.1065383171875 0.8698574203125 0.10475279062500001 0.9037647234374999 0.0674106734375 0.9169642859374999
5 0.076186134375 0.709243803125 0.1723213890625 0.8321428578125 0.2118778609375 0.8252425359375 0.1743841109375 0.6771210984375 0.1172507953125 0.6753365312499999 0.076186134375 0.709243803125
5 0.031696389062500004 0.3678571421875 0.1511737640625 0.264879603125 0.129748665625 0.2006341296875 0.0547611734375 0.223833853125 0 0.2952176703125 0.031696389062500004 0.3678571421875
5 0.313646759375 0.7949043296875 0.23705353125 0.858928571875 0.27258209375 0.8823495671874999 0.3225738484375 0.8288117046875 0.3225738484375 0.9162568703125 0.3725654640625 0.9162568703125 0.36185298593750004 0.8359500796875 0.4064884328125 0.7877660265624999 0.313646759375 0.7949043296875
5 0.3582822046875 0.9091184953125 0.35758924531249997 0.952678571875 0.4189864375 0.9251798484375 0.4475530984375 0.878780396875 0.5546781703125 0.7645662984375 0.5082573296875 0.766350865625 0.3582822046875 0.9091184953125
5 0.0540178171875 0.584375 0.1190361875 0.5700453796875 0.167242415625 0.60395271875 0.1940236828125 0.5504148578125 0.133319584375 0.4986615671875 0.042263165625 0.5289997015625 0.0404777765625 0.5932451078125001 0.0540178171875 0.584375
5 0.2154487765625 0.680690303125 0.21696424531249997 0.778571428125 0.2333029546875 0.7931197984375 0.2707967046875 0.759212459375 0.2993633609375 0.7770583796875 0.3439988078125 0.7520741203125 0.317217540625 0.744935709375 0.327930021875 0.694967053125 0.3065050625 0.6771210984375 0.23865912968749997 0.744935709375 0.24044465625 0.709243803125 0.251157134375 0.6146602640625 0.2083070796875 0.6146602640625 0.2154487765625 0.680690303125