1 0.955078125 0.5673828125 0.951171875 0.3388671875 0.939453125 0.2470703125 0.8759765625 0.130859375 0.7822265625 0.05859375 0.6337890625 0.04296875 0.4111328125 0.1171875 0.2421875 0.2607421875 0.109375 0.4892578125 0.07421875 0.6279296875 0.0703125 0.7431640625 0.08203125 0.8544921875 0.1337890625 1 0.69921875 0.9990234375 0.7705078125 0.9765625 0.833984375 0.9306640625 0.91015625 0.7822265625 0.955078125 0.5673828125
5 0.327622146875 0.7928165171875 0.363330478125 0.6805382140625 0.363330478125 0.6073871703125 0.3038165484375 0.6278014109375001 0.249403865625 0.6788369859375 0.15986390625 0.6870748296875 0.1541816078125 0.7894140671875001 0.1626835984375 0.8999911468749999 0.302116178125 0.89148521875 0.327622146875 0.7928165171875
5 0.3837353296875 0.8744733609375 0.4993623125 0.7383784906249999 0.572479478125 0.6414108890625 0.5299695265625 0.598881240625 0.45005087968749996 0.6312039281249999 0.38883644687499996 0.6856417593749999 0.3596938390625 0.6955782328125 0.3259217765625 0.772402209375 0.33782450937499997 0.8506567328125 0.3871360765625 0.8234377859374999 0.3837353296875 0.8744733609375
5 0.6064874375 0.9578314953125 0.6098881781250001 0.8948876703125 0.584382209375 0.8183343078125 0.5673782328125 0.74007971875 0.4638605046875 0.7572278921875 0.494261196875 0.8540591828125 0.5146659203125 0.9323137046875001 0.5163662953125 0.97144103125 0.6064874375 0.9578314953125
5 0.7119121875000001 0.9901540531249999 0.7918308390625 0.9595326562500001 0.8547455093749999 0.905094759375 0.836041290625 0.8659674328125 0.803733571875 0.830242553125 0.7680253703125001 0.8166330171875 0.7306164109375 0.7792069781250001 0.6421957671875 0.8166330171875 0.599914928125 0.8061224515625 0.638795021875 0.8166330171875 0.6591997453125 0.922106615625 0.7119121875000001 0.9901540531249999
5 0.3905369515625 0.432165040625 0.344626125 0.41345202187499996 0.2936141875 0.47299352656250004 0.28171145468750003 0.541040959375 0.304421728125 0.597789115625 0.356528990625 0.5835706078125 0.3905369515625 0.53253503125 0.3905369515625 0.432165040625
5 0.553775125 0.41175079531250003 0.44260200000000005 0.42772108906249995 0.4874595796875 0.5342361921875 0.5401718890625 0.5427421203125 0.5503742546875 0.45938405312499997 0.553775125 0.41175079531250003
5 0.9397654062499999 0.58867428125 0.9550691421874999 0.47639591093749994 0.948267396875 0.3351974328125 0.9380651656250001 0.2569429109375 0.9040572046875001 0.1922978265625 0.89555521875 0.3079784859375 0.89555521875 0.4474757359375 0.8751502328124999 0.5631563609375 0.871749490625 0.6788369859375 0.8411422765625 0.748585646875 0.7782276031250001 0.7758046609375 0.7699829546875 0.7763605453125 0.8530452671875001 0.8812781296875001 0.9006562015625 0.79962115625 0.9159599421875001 0.714561928125 0.9397654062499999 0.58867428125
5 0.7697256109375 0.1991025984375 0.8020333296875 0.16507887968749999 0.803733571875 0.11574446406250001 0.7680253703125001 0.054501798437500006 0.6728029828125 0.0528006078125 0.5350707765625 0.080019584375 0.45855286562500003 0.0953302546875 0.42284440625 0.1820907359375 0.5622771156249999 0.20080375468749997 0.6643009906249999 0.20930971875 0.7697256109375 0.1991025984375
5 0.1711855890625 0.9306125453125 0.138878 0.98334928125 0.2545051109375 1 0.2545051109375 0.9476244062499999 0.1711855890625 0.9306125453125
5 0.41944366093749996 0.939118478125 0.41944366093749996 0.8778758124999999 0.3575679859375 0.8826530625 0.3650309828125 0.9510267234375 0.4007393125 0.9901540531249999 0.4466500046875 1 0.41944366093749996 0.939118478125