1 0.3173828125 0.9453125 0.4033203125 0.97265625 0.4912109375 0.9765625 0.5830078125 0.9609375 0.6767578125 0.919921875 0.826171875 0.7919921875 0.921875 0.6494140625 0.96484375 0.4716796875 0.935546875 0.3330078125 0.865234375 0.2041015625 0.7939453125 0.125 0.7255859375 0.080078125 0.5849609375 0.033203125 0.46484375 0.0302734375 0.4169921875 0.03515625 0.3232421875 0.080078125 0.181640625 0.2060546875 0.10546875 0.3662109375 0.078125 0.5341796875 0.109375 0.7080078125 0.1875 0.8486328125 0.3173828125 0.9453125
5 0.687681459375 0.5525242640625 0.7607984953125 0.49298275937499997 0.75739775 0.44875195156250003 0.73189178125 0.39941753593749996 0.68087984375 0.36709504531250003 0.6043619328125 0.326266428125 0.5771555937499999 0.292242709375 0.5142407906249999 0.190171625 0.427520521875 0.13233140625 0.3850105765625 0.13233140625 0.279585821875 0.1833669828125 0.17926244687499998 0.2650238921875 0.1214487640625 0.3534855046875 0.0976432953125 0.48107444218750006 0.0738378265625 0.591651521875 0.0908418078125 0.6733084953125 0.2268736421875 0.6852167453125 0.284687071875 0.712435759375 0.3442009953125 0.751563021875 0.4054152984375 0.736252321875 0.4513261203125 0.6460894859375 0.47853245937500005 0.589950365625 0.5108400484375 0.5559266468749999 0.551649625 0.49468398281250003 0.5652527328125 0.45385549531249997 0.6128639234375 0.46576380781250004 0.6349690171875 0.5236040890625 0.687681459375 0.5525242640625
5 0.189464678125 0.6988262859375001 0.1588577234375 0.7073322140625 0.138452740625 0.7413559328125 0.1503557359375 0.8008974015625 0.21156990625 0.8842555359375 0.279585821875 0.909773290625 0.3152942859375 0.9471993921875 0.3442009953125 0.9557053218749999 0.3915816703125 0.9421768703125 0.3459013703125 0.8672436781249999 0.3544033578125 0.8247140312499999 0.36630622343749997 0.7770808078125 0.33569900937499997 0.7651724953125 0.2693835890625 0.73285 0.2421771203125 0.6988262859375001 0.21156990625 0.6971250578125 0.189464678125 0.6988262859375001
5 0.823129290625 0.7465986390625 0.8713243609375001 0.6988262859375001 0.9206359281250001 0.625675240625 0.9121339374999999 0.5559266468749999 0.8747252328125 0.498086303125 0.83391565625 0.5202017671875 0.8118104328125 0.6069622234375001 0.823129290625 0.7465986390625
5 0.6995841921875 0.13233140625 0.75739775 0.21398825000000002 0.8254136703125001 0.293944 0.8890306515624999 0.3001700671875 0.8458183921875 0.1952752328125 0.8101100578124999 0.1340325671875 0.7454948890625 0.10851478125 0.7063858125 0.0795945453125 0.684280584375 0.065985134375 0.6893818296875 0.10851478125 0.6995841921875 0.13233140625
5 0.2081691609375 0.23950604062499997 0.3033915484375 0.1544467453125 0.4224192765625 0.1102159421875 0.49553644218750004 0.1612515140625 0.6530612640625 0.0833333296875 0.621365915625 0.043869665625 0.48873482187499995 0.033662576562500005 0.3986138078125 0.042168504687500004 0.2914885578125 0.0966064015625 0.189464678125 0.1833669828125 0.189464678125 0.20888477187499999 0.2081691609375 0.23950604062499997
5 0.8492192640624999 0.3109558578125 0.8067093171874999 0.2956452234375 0.765899740625 0.326266428125 0.8252551421875 0.383078228125 0.8883283390625 0.3534855046875 0.8492192640624999 0.3109558578125
5 0.5720543484375 0.9557053218749999 0.687681459375 0.9114744859374999 0.709786553125 0.891060271875 0.7147109234375 0.8911564593750001 0.7080861828125 0.8332199593749999 0.6298679015624999 0.8655424859374999 0.5159411656249999 0.8689448390625 0.4513261203125 0.862140103125 0.3850105765625 0.891060271875 0.3935125625 0.9335899203125001 0.46492922343750004 0.9931314234374999 0.5720543484375 0.9557053218749999
5 0.4496257453125 0.7243440718749999 0.5142407906249999 0.7566665671874999 0.6147959546874999 0.7444727859375 0.6230662859375 0.68691796875 0.5533499953125001 0.654595415625 0.5448480046874999 0.596755134375 0.5278440265625 0.5525242640625 0.49383606718750006 0.5797432765625 0.46662972812500003 0.6409859421874999 0.4496257453125 0.7243440718749999
5 0.753996875 0.7175393031249999 0.786989834375 0.7380952359374999 0.776102103125 0.68691796875 0.8118104328125 0.6579977984375 0.753996875 0.6460894859375 0.694482946875 0.6579977984375 0.7165881734374999 0.6988262859375001 0.687681459375 0.7243440718749999 0.7216894203125 0.751563021875 0.753996875 0.7175393031249999
5 0.7165881734374999 0.596755134375 0.6400702671875 0.5304088578124999 0.5839570796875 0.498086303125 0.556750740625 0.538914790625 0.5652527328125 0.5831455937500001 0.6009610624999999 0.6171693125 0.658774615625 0.6903203578125 0.7165881734374999 0.596755134375