1 0.2119140625 0.92578125 0.3818359375 0.998046875 0.5986328125 0.99609375 0.7841796875 0.919921875 0.904296875 0.7978515625 0.9609375 0.6318359375 0.9765625 0.3505859375 0.95703125 0.2392578125 0.923828125 0.1650390625 0.8662109375 0.1015625 0.7900390625 0.0546875 0.6591796875 0.021484375 0.5625 0.0185546875 0.4013671875 0.04296875 0.2314453125 0.123046875 0.078125 0.2548828125 0.013671875 0.4033203125 0 0.6904296875 0.056640625 0.7998046875 0.1064453125 0.85546875 0.2119140625 0.92578125
5 0.24897860781249997 0.4147282328125 0.245577865625 0.3756009734375 0.16055796875 0.3619914328125 0.10104404062500001 0.3704973609375 0.102744540625 0.430038865625 0.1503557359375 0.4793732859375 0.227891196875 0.48299319687500003 0.24897860781249997 0.4147282328125
5 0.541447134375 0.1952752328125 0.4683300984375 0.2071834828125 0.4258201515625 0.23950604062499997 0.4292208921875 0.3092545671875 0.5297619421875 0.32142857187499996 0.568653603125 0.2531155765625 0.541447134375 0.1952752328125
5 0.393707521875 0.295918365625 0.427520521875 0.2497130625 0.427520521875 0.190171625 0.34930224062500004 0.15784919687500001 0.2999905484375 0.1918729109375 0.286387571875 0.2378048796875 0.31869502656250004 0.293944 0.402014553125 0.3092545671875 0.393707521875 0.295918365625
5 0.799907696875 0.1255266390625 0.7454948890625 0.07449106250000001 0.672377853125 0.0932040796875 0.651973 0.130630115625 0.697883821875 0.1850681421875 0.7352925265625 0.1952752328125 0.7912415359375 0.2023809515625 0.799907696875 0.1255266390625
5 0.2744845765625 0.452154334375 0.2319746296875 0.464062584375 0.2319746296875 0.5099946156249999 0.2761850796875 0.5236040890625 0.27891160312499996 0.5085034015625001 0.296589803125 0.4606602640625 0.2744845765625 0.452154334375
5 0.7063858125 0.4606602640625 0.7522965046875 0.4878792140625 0.782738134375 0.48086734375000006 0.788004834375 0.423234165625 0.7250901609375 0.41302700937500003 0.7063858125 0.4606602640625
5 0.4683300984375 0.709033375 0.44622487499999997 0.8281163843750001 0.661564665625 0.8295067984375001 0.7471953890624999 0.5984562953125 0.5720543484375 0.574639665625 0.4683300984375 0.709033375
5 0.3408002546875 0.59335275 0.2251731421875 0.7736784234375 0.4337323390625 0.8009642015624999 0.5125404203125 0.6120657671874999 0.3408002546875 0.59335275
5 0.2931890578125 0.6341811703125 0.19796667031249998 0.544018334375 0.0959427953125 0.5099946156249999 0.0704368265625 0.59335275 0.087440803125 0.7243440718749999 0.2172619421875 0.7465986390625 0.2931890578125 0.6341811703125
5 0.592459071875 0.8893590171874999 0.5652527328125 0.851932978125 0.541447134375 0.851932978125 0.4581277359375 0.8349211203125 0.3203954015625 0.809403334375 0.2829865671875 0.8349211203125 0.4037149234375 0.9386934640625 0.592459071875 0.8893590171874999