1 0.1884765625 0.939453125 0.248046875 0.9990234375 0.640625 0.9990234375 0.640625 0.0673828125 0.5810546875 0.0234375 0.4111328125 0.005859375 0.2705078125 0.0546875 0.13671875 0.1689453125 0.044921875 0.3271484375 0.013671875 0.4794921875 0.041015625 0.6943359375 0.109375 0.8271484375 0.125 0.9365234375 0.1416015625 0.94921875 0.1884765625 0.939453125
5 0.48703445156249997 0.1004337984375 0.5871599015625 0.055697281249999994 0.5652527328125 0.023880432812499998 0.4428241296875 0.023880432812499998 0.40711579843749995 0.039191134375 0.342500625 0.07491600937500001 0.4003141828125 0.1004337984375 0.48703445156249997 0.1004337984375
5 0.636669521875 0.2807595359375 0.5531462984375 0.13647959375000002 0.48873482187499995 0.11744565625 0.4853340796875 0.21271210312500002 0.5125404203125 0.2688512234375 0.570353978125 0.3437033609375 0.6315682765624999 0.3471057453125 0.636669521875 0.2807595359375
5 0.46662972812500003 0.24503459374999997 0.444727928125 0.1301020453125 0.359504603125 0.136158771875 0.2183716515625 0.17018248593750002 0.2183716515625 0.253540521875 0.24387762031250002 0.33349627187499997 0.2931890578125 0.42876265625 0.3782089546875 0.328392728125 0.46662972812500003 0.24503459374999997
5 0.6466837140624999 0.4744897984375 0.5805563390625 0.5478456656249999 0.570353978125 0.724769146875 0.531244771875 0.8115295359375001 0.5380463890625 0.8625651109374999 0.621365915625 0.8370473265625 0.62816753125 0.6567217140625 0.6400702671875 0.55635159375 0.6466837140624999 0.4744897984375
5 0.5482487500000001 0.5104196296875 0.52614365625 0.5274314859375 0.45472686093750003 0.5427421203125 0.4581277359375 0.709458321875 0.42411977656250005 0.8336448750000001 0.4496257453125 0.835346165625 0.531244771875 0.772402209375 0.5720543484375 0.6295026390625 0.566953103125 0.55635159375 0.5482487500000001 0.5104196296875
5 0.531244771875 0.8795769734375 0.5125404203125 0.8761745218750001 0.38671094687499996 0.9357160265625 0.325496646875 0.9782456734375 0.3390998796875 0.9948963890625 0.5057388031250001 0.9918552093749999 0.6043619328125 0.9884527640625 0.62476665625 0.9765445140625 0.6400702671875 0.9357160265625 0.6315682765624999 0.9136005578124999 0.6485722546875 0.8540590531250001 0.531244771875 0.8795769734375
5 0.470238134375 0.4978741515625 0.3408002546875 0.4661887546875 0.23877637499999999 0.461085209375 0.1588577234375 0.522327875 0.16395870937499998 0.6618251296875 0.1758617046875 0.7281714015625 0.220071896875 0.7655974421875 0.364605853125 0.7894140671875001 0.42411977656250005 0.7894140671875001 0.43092126718749996 0.6890441421875 0.43092126718749996 0.5784670625 0.470238134375 0.4978741515625
5 0.21327040625000002 0.30117371406250004 0.187500040625 0.23639455781250002 0.126550009375 0.25013813906250004 0.0925420484375 0.263747678125 0.119748521875 0.316484415625 0.21327040625000002 0.30117371406250004
5 0.1554567234375 0.44917689687499995 0.1386054828125 0.3363095265625 0.060234593749999996 0.3573129015625 0.0738378265625 0.43386626406250006 0.1146472765625 0.541040959375 0.1554567234375 0.5257302593750001 0.1554567234375 0.44917689687499995
5 0.30867350937500004 0.884778915625 0.2013676734375 0.8421508031249999 0.1333517546875 0.748585646875 0.102744540625 0.7315737906249999 0.05513334843749999 0.74007971875 0.10104404062500001 0.8149318578125 0.1435539859375 0.8540591828125 0.1809626921875 0.922106615625 0.2557803578125 0.9510267234375 0.325496646875 0.956130334375 0.30867350937500004 0.884778915625
5 0.1146472765625 0.5648575218749999 0.0556973171875 0.44897959375 0.024526134375 0.4644875984375 0.026226634375000002 0.530833803125 0.043230610937500004 0.602283625 0.0687365796875 0.68394053125 0.11124653124999999 0.6992513609375 0.14865523281249998 0.675434603125 0.1146472765625 0.5648575218749999
5 0.3833102015625 0.8982899906249999 0.400085071875 0.8337585046875 0.3135939109375 0.7928165171875 0.26258184375 0.7689998890624999 0.2421771203125 0.8081270890625 0.28978831718750003 0.8744733609375 0.3833102015625 0.8982899906249999
5 0.617965040625 0.386233009375 0.47448983437500003 0.281037415625 0.4445245 0.316484415625 0.3935125625 0.345404584375 0.3373993796875 0.4355674234375 0.3918121921875 0.45257928124999997 0.5652527328125 0.501913696875 0.619665540625 0.4661887546875 0.617965040625 0.386233009375