1 0.0634765625 0 0.015625 0.1806640625 0.0078125 0.3603515625 0.033203125 0.4990234375 0.091796875 0.6591796875 0.1796875 0.8017578125 0.2646484375 0.8828125 0.3759765625 0.943359375 0.529296875 0.9638671875 0.6318359375 0.94140625 0.8095703125 0.85546875 0.921875 0.7568359375 1 0.6357421875 1 0.1162109375 0.97265625 0.0576171875 0.9365234375 0 0.0634765625 0
5 0.8292395406249999 0.149768178125 0.8496442640625 0.080019584375 0.8496442640625 0.0340876203125 0.8071343171875001 0.0119721515625 0.7306164109375 0.00176503125 0.62329928125 0.0004251703125 0.7527216343750001 0.054501798437500006 0.7680253703125001 0.132756321875 0.7952315796875 0.17018248593750002 0.8292395406249999 0.149768178125
5 0.648997384375 0.524029103125 0.6455966421875 0.5512480484375 0.638795021875 0.6243990265625 0.6353941468750001 0.7128607046875 0.7085114421875 0.687342915625 0.7476203890625001 0.7332750796874999 0.820737553125 0.7570915140625 0.8768507359375001 0.7009523921875 0.8343407859375 0.6669286734375001 0.7731263578124999 0.6584227453125 0.8020333296875 0.6056861390625 0.8734499906250001 0.5665587453125001 0.8972554593750001 0.5155231734375 0.9176601828125 0.461085209375 0.8734499906250001 0.3845318484375 0.8020333296875 0.340301040625 0.8292395406249999 0.2654488390625 0.8445432765625001 0.2042062046875 0.772108803125 0.2087585046875 0.7221144203125001 0.3181855765625 0.7255154234375001 0.44577451406249996 0.713612428125 0.5393397359375001 0.648997384375 0.524029103125
5 0.5129655484375 0.2195168078125 0.48065796406250005 0.16337768749999998 0.42346934843749995 0.1747449015625 0.392237321875 0.2586440671875 0.42794565156250003 0.2926677859375 0.4993623125 0.282460696875 0.5129655484375 0.2195168078125
5 0.2528046109375 0.2399310484375 0.259606228125 0.17528596875 0.2272986421875 0.0766172671875 0.1490803609375 0.0459958703125 0.0674613390625 0.105537375 0.0266517640625 0.1974014015625 0.135477259375 0.2042062046875 0.1813879515625 0.2773571515625 0.2528046109375 0.2399310484375
5 0.28171145468750003 0.316484415625 0.21709628125 0.513821946875 0.25110424062500003 0.54444334375 0.356528990625 0.4746946875 0.392237321875 0.41685440625 0.28171145468750003 0.316484415625
5 0.404140053125 0.6482157859375001 0.42794565156250003 0.5954789203125 0.46875522812500003 0.522327875 0.484058834375 0.47639591093749994 0.39733843750000003 0.46959114218750003 0.349064584375 0.48724490156250005 0.3004158078125 0.530833803125 0.2562054859375 0.6226979953125 0.31912015625 0.675434603125 0.404140053125 0.6482157859375001
5 0.5350707765625 0.6567217140625 0.5860827140625 0.6073871703125 0.5945847015625 0.54444334375 0.5775807234375 0.47639591093749994 0.4914965578125 0.4851190484375 0.47895758906249997 0.5580528171875 0.44324925937500004 0.6278014109375001 0.494261196875 0.6550204234375 0.5350707765625 0.6567217140625
5 0.5928842015625 0.2144132640625 0.6251917859375 0.1684812328125 0.6251917859375 0.0698124640625 0.5316699015624999 0.0681113390625 0.44835037499999997 0.0681113390625 0.3937074421875 0.1449829953125 0.45855286562500003 0.1565729515625 0.5435727640625 0.2042062046875 0.5928842015625 0.2144132640625
5 0.790130334375 0.8166330171875 0.771426115625 0.7570915140625 0.7425194015625001 0.7332750796874999 0.6353941468750001 0.772402209375 0.5690787328125 0.869369884375 0.5401718890625 0.9238077765625 0.6421957671875 0.9101982359375 0.6540986296875 0.905094759375 0.7527216343750001 0.8778758124999999 0.790130334375 0.8166330171875
5 0.5299695265625 0.84385209375 0.5350707765625 0.8132306968749999 0.5367711468749999 0.7809081390625 0.5367711468749999 0.7349761078125 0.4993623125 0.6788369859375 0.4721559734375 0.6550204234375 0.392237321875 0.6465144953124999 0.3660713890625 0.69132653125 0.42114403593749994 0.7689998890624999 0.43814801406250004 0.8659674328125 0.484058834375 0.8948876703125 0.5299695265625 0.84385209375
5 0.7000094515625 0.340301040625 0.7085114421875 0.290966625 0.715312928125 0.2586440671875 0.6636904375 0.24489795937499997 0.648997384375 0.321587959375 0.6455966421875 0.3930377765625 0.676203728125 0.391336615625 0.7000094515625 0.340301040625